NA	CEBPB
PO1	PO2	AA	AC	AG	AT	CA	CC	CG	CT	GA	GC	GG	GT	TA	TC	TG	TT
1	2	30.194	14.71	30.418	6.245	22.342	12.023	19.2	12.781	25.648	15.37	46.112	9.771	10.867	7.431	23.536	3.524
1	3	51.612	8.034	20.453	1.468	36.669	7.921	21.01	0.746	58.03	11.884	26.987	0.0	24.316	5.49	14.776	0.777
1	4	0.0	0.0	0.0	81.567	0.0	0.0	0.0	66.346	0.0	0.0	0.0	96.901	0.0	0.0	0.0	45.359
1	5	0.0	0.0	73.97	7.597	0.0	0.0	64.664	1.682	0.0	0.0	91.328	5.573	0.0	0.0	41.552	3.807
1	6	81.567	0.0	0.0	0.0	66.346	0.0	0.0	0.0	96.901	0.0	0.0	0.0	45.359	0.0	0.0	0.0
1	7	6.325	43.913	14.693	16.636	3.28	39.908	8.041	15.117	10.073	48.165	12.9	25.764	2.433	24.225	7.976	10.725
1	8	20.539	9.94	43.87	7.219	15.114	11.868	33.896	5.469	23.509	14.202	52.623	6.567	8.224	7.353	26.172	3.609
1	9	1.329	1.51	0.0	78.729	0.0	0.874	0.0	65.472	1.843	1.98	0.0	93.078	0.0	0.0	0.0	45.359
1	10	5.45	76.117	0.0	0.0	5.747	60.599	0.0	0.0	8.271	88.63	0.0	0.0	1.47	43.889	0.0	0.0
1	11	80.725	0.0	0.0	0.842	64.768	0.0	0.0	1.578	92.942	0.0	0.0	3.959	45.359	0.0	0.0	0.0
1	12	0.914	23.114	10.286	47.254	0.785	20.741	9.488	35.331	1.433	22.835	9.855	62.779	0.742	10.667	3.118	30.831
2	3	54.588	9.462	24.225	0.777	37.53	3.136	8.123	0.746	64.444	15.344	38.01	1.468	14.064	5.388	12.87	0.0
2	4	0.0	0.0	0.0	89.051	0.0	0.0	0.0	49.534	0.0	0.0	0.0	119.266	0.0	0.0	0.0	32.321
2	5	0.0	0.0	81.407	7.644	0.0	0.0	44.341	5.193	0.0	0.0	113.444	5.822	0.0	0.0	32.321	0.0
2	6	89.051	0.0	0.0	0.0	49.534	0.0	0.0	0.0	119.266	0.0	0.0	0.0	32.321	0.0	0.0	0.0
2	7	9.216	46.196	11.229	22.41	3.146	29.0	7.861	9.526	4.594	62.187	22.023	30.462	5.154	18.828	2.496	5.843
2	8	22.731	18.142	39.681	8.496	9.392	8.629	27.638	3.875	25.847	15.726	69.883	7.811	9.415	0.866	19.359	2.681
2	9	2.529	1.301	0.0	85.222	0.643	0.62	0.0	48.272	0.0	2.443	0.0	116.823	0.0	0.0	0.0	32.321
2	10	7.999	81.052	0.0	0.0	4.823	44.711	0.0	0.0	6.552	112.714	0.0	0.0	1.563	30.758	0.0	0.0
2	11	87.39	0.0	0.0	1.661	48.81	0.0	0.0	0.724	115.273	0.0	0.0	3.993	32.321	0.0	0.0	0.0
2	12	0.742	18.74	10.569	59.001	1.509	18.373	4.233	25.418	1.623	33.712	14.954	68.978	0.0	6.532	2.991	22.798
3	4	0.0	0.0	0.0	170.627	0.0	0.0	0.0	33.329	0.0	0.0	0.0	83.227	0.0	0.0	0.0	2.99
3	5	0.0	0.0	155.184	15.442	0.0	0.0	32.503	0.826	0.0	0.0	80.836	2.391	0.0	0.0	2.99	0.0
3	6	170.627	0.0	0.0	0.0	33.329	0.0	0.0	0.0	83.227	0.0	0.0	0.0	2.99	0.0	0.0	0.0
3	7	16.076	92.665	27.403	34.482	0.0	21.467	4.174	7.688	6.034	39.089	12.033	26.071	0.0	2.99	0.0	0.0
3	8	46.066	26.216	85.989	12.356	4.971	5.586	19.504	3.268	15.495	11.562	48.932	7.238	0.854	0.0	2.136	0.0
3	9	2.563	2.315	0.0	165.749	0.0	0.0	0.0	33.329	0.609	2.049	0.0	80.569	0.0	0.0	0.0	2.99
3	10	11.606	159.021	0.0	0.0	2.004	31.325	0.0	0.0	7.328	75.898	0.0	0.0	0.0	2.99	0.0	0.0
3	11	168.579	0.0	0.0	2.048	31.809	0.0	0.0	1.52	80.415	0.0	0.0	2.811	2.99	0.0	0.0	0.0
3	12	2.441	46.322	22.021	99.843	0.709	7.48	2.119	23.021	0.724	23.555	7.993	50.955	0.0	0.0	0.614	2.376
4	5	0.0	0.0	0.0	0.0	0.0	0.0	0.0	0.0	0.0	0.0	0.0	0.0	0.0	0.0	271.514	18.659
4	6	0.0	0.0	0.0	0.0	0.0	0.0	0.0	0.0	0.0	0.0	0.0	0.0	290.173	0.0	0.0	0.0
4	7	0.0	0.0	0.0	0.0	0.0	0.0	0.0	0.0	0.0	0.0	0.0	0.0	22.11	156.211	43.61	68.241
4	8	0.0	0.0	0.0	0.0	0.0	0.0	0.0	0.0	0.0	0.0	0.0	0.0	67.385	43.363	156.562	22.863
4	9	0.0	0.0	0.0	0.0	0.0	0.0	0.0	0.0	0.0	0.0	0.0	0.0	3.172	4.364	0.0	282.638
4	10	0.0	0.0	0.0	0.0	0.0	0.0	0.0	0.0	0.0	0.0	0.0	0.0	20.938	269.235	0.0	0.0
4	11	0.0	0.0	0.0	0.0	0.0	0.0	0.0	0.0	0.0	0.0	0.0	0.0	283.794	0.0	0.0	6.379
4	12	0.0	0.0	0.0	0.0	0.0	0.0	0.0	0.0	0.0	0.0	0.0	0.0	3.874	77.357	32.747	176.195
5	6	0.0	0.0	0.0	0.0	0.0	0.0	0.0	0.0	271.514	0.0	0.0	0.0	18.659	0.0	0.0	0.0
5	7	0.0	0.0	0.0	0.0	0.0	0.0	0.0	0.0	22.11	139.911	43.61	65.882	0.0	16.3	0.0	2.359
5	8	0.0	0.0	0.0	0.0	0.0	0.0	0.0	0.0	62.208	39.326	147.74	22.239	5.177	4.037	8.821	0.624
5	9	0.0	0.0	0.0	0.0	0.0	0.0	0.0	0.0	3.172	4.364	0.0	263.978	0.0	0.0	0.0	18.659
5	10	0.0	0.0	0.0	0.0	0.0	0.0	0.0	0.0	19.547	251.966	0.0	0.0	1.391	17.268	0.0	0.0
5	11	0.0	0.0	0.0	0.0	0.0	0.0	0.0	0.0	265.135	0.0	0.0	6.379	18.659	0.0	0.0	0.0
5	12	0.0	0.0	0.0	0.0	0.0	0.0	0.0	0.0	3.874	70.894	31.265	165.481	0.0	6.462	1.482	10.714
6	7	22.11	156.211	43.61	68.241	0.0	0.0	0.0	0.0	0.0	0.0	0.0	0.0	0.0	0.0	0.0	0.0
6	8	67.385	43.363	156.562	22.863	0.0	0.0	0.0	0.0	0.0	0.0	0.0	0.0	0.0	0.0	0.0	0.0
6	9	3.172	4.364	0.0	282.638	0.0	0.0	0.0	0.0	0.0	0.0	0.0	0.0	0.0	0.0	0.0	0.0
6	10	20.938	269.235	0.0	0.0	0.0	0.0	0.0	0.0	0.0	0.0	0.0	0.0	0.0	0.0	0.0	0.0
6	11	283.794	0.0	0.0	6.379	0.0	0.0	0.0	0.0	0.0	0.0	0.0	0.0	0.0	0.0	0.0	0.0
6	12	3.874	77.357	32.747	176.195	0.0	0.0	0.0	0.0	0.0	0.0	0.0	0.0	0.0	0.0	0.0	0.0
7	8	8.701	4.561	8.849	0.0	49.113	26.256	72.411	8.431	8.136	3.801	27.06	4.614	1.436	8.745	48.242	9.818
7	9	0.0	0.0	0.0	22.11	1.19	4.364	0.0	150.657	0.0	0.0	0.0	43.61	1.981	0.0	0.0	66.26
7	10	1.416	20.694	0.0	0.0	9.888	146.323	0.0	0.0	4.745	38.865	0.0	0.0	4.889	63.352	0.0	0.0
7	11	22.11	0.0	0.0	0.0	150.948	0.0	0.0	5.263	43.019	0.0	0.0	0.592	67.717	0.0	0.0	0.524
7	12	0.0	6.499	3.056	12.555	3.132	44.927	18.518	89.635	0.0	11.503	5.947	26.161	0.742	14.428	5.226	47.845
8	9	0.591	1.288	0.0	65.507	0.599	0.62	0.0	42.144	1.981	2.456	0.0	152.124	0.0	0.0	0.0	22.863
8	10	2.701	64.684	0.0	0.0	0.0	43.363	0.0	0.0	18.237	138.325	0.0	0.0	0.0	22.863	0.0	0.0
8	11	65.907	0.0	0.0	1.478	42.839	0.0	0.0	0.524	152.69	0.0	0.0	3.872	22.358	0.0	0.0	0.504
8	12	0.0	25.362	7.158	34.865	0.0	10.019	4.18	29.164	3.874	35.82	20.574	96.294	0.0	6.156	0.834	15.872
9	10	0.0	3.172	0.0	0.0	0.0	4.364	0.0	0.0	0.0	0.0	0.0	0.0	20.938	261.699	0.0	0.0
9	11	3.172	0.0	0.0	0.0	4.364	0.0	0.0	0.0	0.0	0.0	0.0	0.0	276.259	0.0	0.0	6.379
9	12	0.0	0.591	0.0	2.581	0.0	1.36	0.0	3.003	0.0	0.0	0.0	0.0	3.874	75.405	32.747	170.611
10	11	20.938	0.0	0.0	0.0	262.856	0.0	0.0	6.379	0.0	0.0	0.0	0.0	0.0	0.0	0.0	0.0
10	12	0.0	2.558	1.911	16.47	3.874	74.799	30.837	159.725	0.0	0.0	0.0	0.0	0.0	0.0	0.0	0.0
11	12	3.874	76.106	32.747	171.068	0.0	0.0	0.0	0.0	0.0	0.0	0.0	0.0	0.0	1.251	0.0	5.128
