NA	CEBPB
PO1	PO2	AA	AC	AG	AT	CA	CC	CG	CT	GA	GC	GG	GT	TA	TC	TG	TT
1	2	30.152	15.651	31.019	6.292	22.246	11.67	19.259	13.358	25.004	15.717	45.935	10.315	10.849	7.233	23.449	3.542
1	3	51.499	9.149	20.991	1.474	36.334	8.394	21.071	0.733	57.251	11.411	28.31	0.0	24.145	5.447	14.707	0.775
1	4	0.0	0.0	0.0	83.113	0.0	0.0	0.0	66.533	0.0	0.0	0.0	96.972	0.0	0.0	0.0	45.073
1	5	0.0	0.0	75.795	7.318	0.0	0.0	64.928	1.605	0.0	0.0	91.713	5.259	0.0	0.0	41.477	3.597
1	6	83.113	0.0	0.0	0.0	66.533	0.0	0.0	0.0	96.972	0.0	0.0	0.0	45.073	0.0	0.0	0.0
1	7	7.01	44.937	14.667	16.5	3.318	40.159	8.013	15.042	10.09	48.12	12.965	25.797	2.462	24.068	7.926	10.618
1	8	20.632	10.528	44.83	7.123	15.188	11.789	34.152	5.403	24.14	14.269	52.723	5.841	8.213	7.307	25.981	3.572
1	9	1.402	2.118	0.0	79.593	0.0	0.904	0.0	65.629	1.944	2.676	0.0	92.351	0.0	0.0	0.0	45.073
1	10	5.268	77.845	0.0	0.0	5.638	60.895	0.0	0.0	7.621	89.351	0.0	0.0	1.443	43.63	0.0	0.0
1	11	80.996	0.0	0.0	2.117	64.587	0.0	0.0	1.946	92.722	0.0	0.0	4.25	45.073	0.0	0.0	0.0
1	12	0.918	23.459	10.25	48.485	0.781	21.234	9.474	35.044	1.415	24.192	9.322	62.044	0.742	10.576	3.08	30.675
2	3	54.322	8.809	24.345	0.775	36.947	3.574	9.018	0.733	63.856	16.104	38.228	1.474	14.105	5.914	13.488	0.0
2	4	0.0	0.0	0.0	88.251	0.0	0.0	0.0	50.271	0.0	0.0	0.0	119.662	0.0	0.0	0.0	33.507
2	5	0.0	0.0	80.888	7.362	0.0	0.0	45.468	4.803	0.0	0.0	114.049	5.613	0.0	0.0	33.507	0.0
2	6	88.251	0.0	0.0	0.0	50.271	0.0	0.0	0.0	119.662	0.0	0.0	0.0	33.507	0.0	0.0	0.0
2	7	9.265	45.488	11.22	22.278	3.156	30.051	7.751	9.314	5.225	61.83	22.094	30.512	5.234	19.914	2.507	5.853
2	8	22.705	18.088	39.02	8.437	9.411	9.133	28.109	3.618	25.981	15.801	70.658	7.221	10.076	0.87	19.898	2.663
2	9	2.681	1.407	0.0	84.163	0.665	1.727	0.0	47.878	0.0	2.564	0.0	117.098	0.0	0.0	0.0	33.507
2	10	7.299	80.952	0.0	0.0	4.699	45.572	0.0	0.0	6.437	113.225	0.0	0.0	1.535	31.972	0.0	0.0
2	11	86.709	0.0	0.0	1.542	49.157	0.0	0.0	1.114	115.099	0.0	0.0	4.562	32.412	0.0	0.0	1.095
2	12	0.742	18.748	10.076	58.684	1.494	19.07	4.223	25.484	1.62	34.006	14.811	69.225	0.0	7.637	3.015	22.856
3	4	0.0	0.0	0.0	169.23	0.0	0.0	0.0	34.4	0.0	0.0	0.0	85.079	0.0	0.0	0.0	2.981
3	5	0.0	0.0	154.501	14.729	0.0	0.0	33.617	0.783	0.0	0.0	82.812	2.267	0.0	0.0	2.981	0.0
3	6	169.23	0.0	0.0	0.0	34.4	0.0	0.0	0.0	85.079	0.0	0.0	0.0	2.981	0.0	0.0	0.0
3	7	16.163	91.335	27.366	34.366	0.614	22.215	4.123	7.448	6.102	40.752	12.082	26.143	0.0	2.981	0.0	0.0
3	8	45.934	26.084	85.525	11.687	5.106	6.166	20.023	3.105	16.277	11.643	50.012	7.146	0.857	0.0	2.125	0.0
3	9	2.706	2.43	0.0	164.094	0.0	0.0	0.0	34.4	0.64	3.269	0.0	81.171	0.0	0.0	0.0	2.981
3	10	11.354	157.876	0.0	0.0	1.421	32.979	0.0	0.0	7.195	77.884	0.0	0.0	0.0	2.981	0.0	0.0
3	11	168.077	0.0	0.0	1.153	30.911	0.0	0.0	3.489	81.408	0.0	0.0	3.671	2.981	0.0	0.0	0.0
3	12	2.441	46.172	21.987	98.63	0.701	8.037	1.594	24.068	0.713	25.251	7.927	51.187	0.0	0.0	0.618	2.364
4	5	0.0	0.0	0.0	0.0	0.0	0.0	0.0	0.0	0.0	0.0	0.0	0.0	0.0	0.0	273.912	17.778
4	6	0.0	0.0	0.0	0.0	0.0	0.0	0.0	0.0	0.0	0.0	0.0	0.0	291.69	0.0	0.0	0.0
4	7	0.0	0.0	0.0	0.0	0.0	0.0	0.0	0.0	0.0	0.0	0.0	0.0	22.879	157.283	43.571	67.957
4	8	0.0	0.0	0.0	0.0	0.0	0.0	0.0	0.0	0.0	0.0	0.0	0.0	68.173	43.893	157.686	21.938
4	9	0.0	0.0	0.0	0.0	0.0	0.0	0.0	0.0	0.0	0.0	0.0	0.0	3.346	5.698	0.0	282.646
4	10	0.0	0.0	0.0	0.0	0.0	0.0	0.0	0.0	0.0	0.0	0.0	0.0	19.97	271.72	0.0	0.0
4	11	0.0	0.0	0.0	0.0	0.0	0.0	0.0	0.0	0.0	0.0	0.0	0.0	283.377	0.0	0.0	8.313
4	12	0.0	0.0	0.0	0.0	0.0	0.0	0.0	0.0	0.0	0.0	0.0	0.0	3.856	79.46	32.126	176.249
5	6	0.0	0.0	0.0	0.0	0.0	0.0	0.0	0.0	273.912	0.0	0.0	0.0	17.778	0.0	0.0	0.0
5	7	0.0	0.0	0.0	0.0	0.0	0.0	0.0	0.0	22.879	141.752	43.571	65.71	0.0	15.532	0.0	2.246
5	8	0.0	0.0	0.0	0.0	0.0	0.0	0.0	0.0	63.131	40.071	149.309	21.401	5.043	3.822	8.376	0.537
5	9	0.0	0.0	0.0	0.0	0.0	0.0	0.0	0.0	3.346	5.698	0.0	264.868	0.0	0.0	0.0	17.778
5	10	0.0	0.0	0.0	0.0	0.0	0.0	0.0	0.0	18.711	255.201	0.0	0.0	1.259	16.519	0.0	0.0
5	11	0.0	0.0	0.0	0.0	0.0	0.0	0.0	0.0	265.599	0.0	0.0	8.313	17.778	0.0	0.0	0.0
5	12	0.0	0.0	0.0	0.0	0.0	0.0	0.0	0.0	3.856	73.285	30.719	166.052	0.0	6.175	1.407	10.197
6	7	22.879	157.283	43.571	67.957	0.0	0.0	0.0	0.0	0.0	0.0	0.0	0.0	0.0	0.0	0.0	0.0
6	8	68.173	43.893	157.686	21.938	0.0	0.0	0.0	0.0	0.0	0.0	0.0	0.0	0.0	0.0	0.0	0.0
6	9	3.346	5.698	0.0	282.646	0.0	0.0	0.0	0.0	0.0	0.0	0.0	0.0	0.0	0.0	0.0	0.0
6	10	19.97	271.72	0.0	0.0	0.0	0.0	0.0	0.0	0.0	0.0	0.0	0.0	0.0	0.0	0.0	0.0
6	11	283.377	0.0	0.0	8.313	0.0	0.0	0.0	0.0	0.0	0.0	0.0	0.0	0.0	0.0	0.0	0.0
6	12	3.856	79.46	32.126	176.249	0.0	0.0	0.0	0.0	0.0	0.0	0.0	0.0	0.0	0.0	0.0	0.0
7	8	8.816	4.564	9.499	0.0	49.661	26.687	73.13	7.806	8.189	3.803	26.977	4.602	1.507	8.839	48.08	9.53
7	9	0.0	0.0	0.0	22.879	1.28	5.698	0.0	150.305	0.0	0.0	0.0	43.571	2.066	0.0	0.0	65.89
7	10	1.406	21.474	0.0	0.0	9.172	148.111	0.0	0.0	4.622	38.949	0.0	0.0	4.77	63.187	0.0	0.0
7	11	22.265	0.0	0.0	0.614	150.906	0.0	0.0	6.378	42.88	0.0	0.0	0.691	67.327	0.0	0.0	0.63
7	12	0.0	6.546	3.113	13.221	3.114	47.12	17.899	89.151	0.0	11.57	5.929	26.071	0.742	14.224	5.185	47.805
8	9	0.639	1.4	0.0	66.134	0.64	0.664	0.0	42.589	2.066	3.634	0.0	151.986	0.0	0.0	0.0	21.938
8	10	2.694	65.479	0.0	0.0	0.0	43.893	0.0	0.0	17.276	140.41	0.0	0.0	0.0	21.938	0.0	0.0
8	11	66.17	0.0	0.0	2.003	42.653	0.0	0.0	1.24	152.616	0.0	0.0	5.07	21.938	0.0	0.0	0.0
8	12	0.0	26.22	7.147	34.806	0.0	9.911	4.154	29.828	3.856	37.334	20.021	96.475	0.0	5.996	0.804	15.139
9	10	0.0	3.346	0.0	0.0	0.0	5.698	0.0	0.0	0.0	0.0	0.0	0.0	19.97	262.676	0.0	0.0
9	11	3.346	0.0	0.0	0.0	5.698	0.0	0.0	0.0	0.0	0.0	0.0	0.0	274.333	0.0	0.0	8.313
9	12	0.0	0.639	0.0	2.707	0.0	2.527	0.0	3.171	0.0	0.0	0.0	0.0	3.856	76.294	32.126	170.371
10	11	19.97	0.0	0.0	0.0	263.407	0.0	0.0	8.313	0.0	0.0	0.0	0.0	0.0	0.0	0.0	0.0
10	12	0.0	2.518	1.361	16.091	3.856	76.942	30.765	160.157	0.0	0.0	0.0	0.0	0.0	0.0	0.0	0.0
11	12	3.856	76.875	32.126	170.521	0.0	0.0	0.0	0.0	0.0	0.0	0.0	0.0	0.0	2.585	0.0	5.728
