NA	CEBPB
PO1	PO2	AA	AC	AG	AT	CA	CC	CG	CT	GA	GC	GG	GT	TA	TC	TG	TT
1	2	29.831	14.103	32.896	7.498	21.088	9.437	19.876	14.028	24.466	14.154	44.636	10.216	9.647	5.714	23.486	4.105
1	3	53.62	8.351	20.315	2.041	34.396	8.258	21.071	0.704	55.148	10.331	27.994	0.0	22.225	6.589	13.38	0.757
1	4	0.0	0.0	0.0	84.327	0.0	0.0	0.0	64.429	0.0	0.0	0.0	93.473	0.0	0.0	0.0	42.951
1	5	0.0	0.0	79.267	5.06	0.0	0.0	63.744	0.685	0.0	0.0	90.598	2.874	0.0	0.0	41.783	1.168
1	6	84.327	0.0	0.0	0.0	64.429	0.0	0.0	0.0	93.473	0.0	0.0	0.0	42.951	0.0	0.0	0.0
1	7	9.293	45.656	14.643	14.736	4.108	40.414	8.288	11.618	10.867	46.697	13.551	22.358	3.81	22.905	7.767	8.468
1	8	24.434	10.127	44.497	5.27	18.363	10.485	31.951	3.629	25.813	13.498	51.867	2.294	8.862	6.894	24.702	2.493
1	9	2.757	5.497	0.535	75.537	0.0	2.595	0.54	61.294	1.989	3.197	0.0	88.286	0.0	0.0	0.0	42.951
1	10	4.414	79.913	0.0	0.0	3.939	60.49	0.0	0.0	6.618	86.855	0.0	0.0	1.375	41.576	0.0	0.0
1	11	81.461	0.0	0.0	2.866	62.159	0.0	0.0	2.27	87.679	0.0	0.0	5.794	41.722	0.0	0.0	1.229
1	12	0.944	25.992	8.977	48.413	0.815	20.332	9.77	33.512	1.512	24.225	9.201	58.534	0.671	10.4	2.954	28.926
2	3	53.388	7.546	23.34	0.757	32.682	2.176	7.847	0.704	63.218	17.105	38.53	2.041	16.102	6.701	13.043	0.0
2	4	0.0	0.0	0.0	85.031	0.0	0.0	0.0	43.408	0.0	0.0	0.0	120.894	0.0	0.0	0.0	35.847
2	5	0.0	0.0	79.746	5.285	0.0	0.0	42.618	0.79	0.0	0.0	117.181	3.713	0.0	0.0	35.847	0.0
2	6	85.031	0.0	0.0	0.0	43.408	0.0	0.0	0.0	120.894	0.0	0.0	0.0	35.847	0.0	0.0	0.0
2	7	11.342	44.242	10.988	18.459	3.291	26.342	7.548	6.228	6.864	63.638	22.659	27.734	6.581	21.45	3.055	4.761
2	8	25.523	17.148	36.306	6.054	9.507	7.7	25.45	0.751	30.094	15.272	70.904	4.625	12.348	0.885	20.357	2.256
2	9	3.443	2.281	0.0	79.307	0.63	2.172	0.0	40.606	0.0	5.8	0.535	114.559	0.673	1.037	0.54	33.596
2	10	5.624	79.407	0.0	0.0	4.32	39.088	0.0	0.0	5.712	115.182	0.0	0.0	0.69	35.157	0.0	0.0
2	11	82.155	0.0	0.0	2.876	42.784	0.0	0.0	0.623	113.633	0.0	0.0	7.261	34.449	0.0	0.0	1.398
2	12	0.671	17.906	9.924	56.53	1.56	15.93	4.176	21.742	1.711	37.327	13.786	68.071	0.0	9.787	3.018	23.042
3	4	0.0	0.0	0.0	165.39	0.0	0.0	0.0	33.528	0.0	0.0	0.0	82.76	0.0	0.0	0.0	3.502
3	5	0.0	0.0	156.865	8.524	0.0	0.0	32.95	0.578	0.0	0.0	82.075	0.685	0.0	0.0	3.502	0.0
3	6	165.39	0.0	0.0	0.0	33.528	0.0	0.0	0.0	82.76	0.0	0.0	0.0	3.502	0.0	0.0	0.0
3	7	18.469	87.922	27.556	31.443	2.007	22.889	4.608	4.025	7.602	41.359	12.086	21.713	0.0	3.502	0.0	0.0
3	8	48.442	24.12	83.866	8.963	7.079	5.99	19.833	0.626	20.55	10.895	47.218	4.097	1.401	0.0	2.1	0.0
3	9	4.168	5.692	0.54	154.99	0.0	0.571	0.0	32.957	0.578	5.027	0.535	76.62	0.0	0.0	0.0	3.502
3	10	10.229	155.161	0.0	0.0	0.527	33.002	0.0	0.0	5.591	77.169	0.0	0.0	0.0	3.502	0.0	0.0
3	11	164.748	0.0	0.0	0.642	28.395	0.0	0.0	5.133	76.912	0.0	0.0	5.848	2.966	0.0	0.0	0.536
3	12	2.429	44.964	21.317	96.679	0.767	9.461	1.568	21.732	0.745	25.988	7.378	48.649	0.0	0.536	0.639	2.326
4	5	0.0	0.0	0.0	0.0	0.0	0.0	0.0	0.0	0.0	0.0	0.0	0.0	0.0	0.0	275.392	9.788
4	6	0.0	0.0	0.0	0.0	0.0	0.0	0.0	0.0	0.0	0.0	0.0	0.0	285.18	0.0	0.0	0.0
4	7	0.0	0.0	0.0	0.0	0.0	0.0	0.0	0.0	0.0	0.0	0.0	0.0	28.078	155.671	44.249	57.181
4	8	0.0	0.0	0.0	0.0	0.0	0.0	0.0	0.0	0.0	0.0	0.0	0.0	77.472	41.005	153.017	13.686
4	9	0.0	0.0	0.0	0.0	0.0	0.0	0.0	0.0	0.0	0.0	0.0	0.0	4.746	11.29	1.076	268.068
4	10	0.0	0.0	0.0	0.0	0.0	0.0	0.0	0.0	0.0	0.0	0.0	0.0	16.346	268.833	0.0	0.0
4	11	0.0	0.0	0.0	0.0	0.0	0.0	0.0	0.0	0.0	0.0	0.0	0.0	273.021	0.0	0.0	12.159
4	12	0.0	0.0	0.0	0.0	0.0	0.0	0.0	0.0	0.0	0.0	0.0	0.0	3.941	80.949	30.903	169.386
5	6	0.0	0.0	0.0	0.0	0.0	0.0	0.0	0.0	275.392	0.0	0.0	0.0	9.788	0.0	0.0	0.0
5	7	0.0	0.0	0.0	0.0	0.0	0.0	0.0	0.0	28.078	147.005	44.249	56.059	0.0	8.666	0.0	1.122
5	8	0.0	0.0	0.0	0.0	0.0	0.0	0.0	0.0	73.537	39.176	148.992	13.686	3.935	1.828	4.025	0.0
5	9	0.0	0.0	0.0	0.0	0.0	0.0	0.0	0.0	4.746	11.29	1.076	258.28	0.0	0.0	0.0	9.788
5	10	0.0	0.0	0.0	0.0	0.0	0.0	0.0	0.0	16.346	259.046	0.0	0.0	0.0	9.788	0.0	0.0
5	11	0.0	0.0	0.0	0.0	0.0	0.0	0.0	0.0	263.233	0.0	0.0	12.159	9.788	0.0	0.0	0.0
5	12	0.0	0.0	0.0	0.0	0.0	0.0	0.0	0.0	3.941	77.375	30.278	163.798	0.0	3.575	0.625	5.588
6	7	28.078	155.671	44.249	57.181	0.0	0.0	0.0	0.0	0.0	0.0	0.0	0.0	0.0	0.0	0.0	0.0
6	8	77.472	41.005	153.017	13.686	0.0	0.0	0.0	0.0	0.0	0.0	0.0	0.0	0.0	0.0	0.0	0.0
6	9	4.746	11.29	1.076	268.068	0.0	0.0	0.0	0.0	0.0	0.0	0.0	0.0	0.0	0.0	0.0	0.0
6	10	16.346	268.833	0.0	0.0	0.0	0.0	0.0	0.0	0.0	0.0	0.0	0.0	0.0	0.0	0.0	0.0
6	11	273.021	0.0	0.0	12.159	0.0	0.0	0.0	0.0	0.0	0.0	0.0	0.0	0.0	0.0	0.0	0.0
6	12	3.941	80.949	30.903	169.386	0.0	0.0	0.0	0.0	0.0	0.0	0.0	0.0	0.0	0.0	0.0	0.0
7	8	12.415	4.597	11.066	0.0	52.587	24.642	71.492	6.951	10.083	3.829	26.145	4.192	2.387	7.937	44.314	2.543
7	9	0.633	1.263	0.0	26.183	2.167	8.353	1.076	144.076	0.0	1.052	0.0	43.197	1.947	0.622	0.0	54.612
7	10	1.465	26.613	0.0	0.0	8.323	147.348	0.0	0.0	3.745	40.504	0.0	0.0	2.813	54.368	0.0	0.0
7	11	25.36	0.0	0.0	2.718	148.2	0.0	0.0	7.471	42.831	0.0	0.0	1.418	56.63	0.0	0.0	0.551
7	12	0.0	9.201	3.294	15.583	3.271	48.682	18.194	85.524	0.0	12.915	5.452	25.882	0.671	10.151	3.962	42.396
8	9	1.414	5.209	1.076	69.773	0.713	0.766	0.0	39.526	2.62	5.314	0.0	145.083	0.0	0.0	0.0	13.686
8	10	2.634	74.838	0.0	0.0	0.0	41.005	0.0	0.0	13.712	139.305	0.0	0.0	0.0	13.686	0.0	0.0
8	11	72.175	0.0	0.0	5.297	39.83	0.0	0.0	1.174	147.329	0.0	0.0	5.688	13.686	0.0	0.0	0.0
8	12	0.0	31.754	7.745	37.973	0.0	8.822	3.837	28.347	3.941	37.525	19.322	92.229	0.0	2.848	0.0	10.837
9	10	0.0	4.746	0.0	0.0	0.619	10.67	0.0	0.0	0.0	1.076	0.0	0.0	15.727	252.341	0.0	0.0
9	11	4.746	0.0	0.0	0.0	11.29	0.0	0.0	0.0	1.076	0.0	0.0	0.0	255.909	0.0	0.0	12.159
9	12	0.0	1.454	0.0	3.292	0.0	5.479	0.544	5.266	0.0	0.535	0.0	0.54	3.941	73.481	30.358	160.288
10	11	16.346	0.0	0.0	0.0	256.675	0.0	0.0	12.159	0.0	0.0	0.0	0.0	0.0	0.0	0.0	0.0
10	12	0.0	2.441	0.839	13.066	3.941	78.509	30.063	156.32	0.0	0.0	0.0	0.0	0.0	0.0	0.0	0.0
11	12	3.941	76.097	30.313	162.669	0.0	0.0	0.0	0.0	0.0	0.0	0.0	0.0	0.0	4.852	0.59	6.717
