NA	CEBPB
PO1	PO2	AA	AC	AG	AT	CA	CC	CG	CT	GA	GC	GG	GT	TA	TC	TG	TT
1	2	30.147	14.767	30.424	6.256	22.445	12.678	19.05	12.814	25.704	15.39	44.099	9.768	10.943	8.054	23.633	3.512
1	3	51.808	8.071	20.227	1.488	37.315	7.97	20.941	0.761	58.043	11.564	25.354	0.0	25.066	5.495	14.788	0.793
1	4	0.0	0.0	0.0	81.594	0.0	0.0	0.0	66.987	0.0	0.0	0.0	94.961	0.0	0.0	0.0	46.142
1	5	0.0	0.0	73.83	7.763	0.0	0.0	64.707	2.28	0.0	0.0	88.683	6.278	0.0	0.0	41.691	4.451
1	6	81.594	0.0	0.0	0.0	66.987	0.0	0.0	0.0	94.961	0.0	0.0	0.0	46.142	0.0	0.0	0.0
1	7	6.308	43.834	14.739	16.713	3.29	40.406	8.07	15.221	10.112	47.272	12.353	25.224	2.45	24.877	8.033	10.781
1	8	20.453	9.972	43.907	7.262	15.11	11.909	34.469	5.499	22.298	13.618	52.401	6.645	8.283	7.378	26.322	4.16
1	9	1.319	1.326	0.0	78.949	0.0	0.825	0.0	66.162	1.795	1.262	0.0	91.905	0.0	0.0	0.0	46.142
1	10	5.666	75.928	0.0	0.0	6.465	60.522	0.0	0.0	8.476	86.485	0.0	0.0	1.535	44.606	0.0	0.0
1	11	80.875	0.0	0.0	0.719	65.537	0.0	0.0	1.45	93.03	0.0	0.0	1.931	46.142	0.0	0.0	0.0
1	12	0.914	23.157	10.387	47.136	0.793	20.76	9.518	35.917	1.427	20.944	10.463	62.128	0.755	10.689	3.186	31.512
2	3	54.837	10.12	23.49	0.793	38.786	3.142	8.2	0.761	64.523	14.458	36.737	1.488	14.086	5.38	12.885	0.0
2	4	0.0	0.0	0.0	89.239	0.0	0.0	0.0	50.889	0.0	0.0	0.0	117.206	0.0	0.0	0.0	32.35
2	5	0.0	0.0	80.902	8.337	0.0	0.0	44.432	6.457	0.0	0.0	111.228	5.977	0.0	0.0	32.35	0.0
2	6	89.239	0.0	0.0	0.0	50.889	0.0	0.0	0.0	117.206	0.0	0.0	0.0	32.35	0.0	0.0	0.0
2	7	9.235	46.195	11.292	22.517	3.174	30.216	7.922	9.577	4.611	61.157	21.493	29.944	5.14	18.821	2.488	5.901
2	8	22.203	18.186	40.323	8.528	9.4	8.605	28.394	4.49	25.144	15.216	68.996	7.85	9.396	0.871	19.386	2.698
2	9	2.48	0.675	0.0	86.085	0.634	0.52	0.0	49.735	0.0	2.218	0.0	114.988	0.0	0.0	0.0	32.35
2	10	8.275	80.965	0.0	0.0	5.522	45.367	0.0	0.0	6.726	110.479	0.0	0.0	1.619	30.731	0.0	0.0
2	11	87.716	0.0	0.0	1.523	50.175	0.0	0.0	0.714	115.342	0.0	0.0	1.864	32.35	0.0	0.0	0.0
2	12	0.755	18.243	11.176	59.065	1.513	18.455	4.263	26.657	1.621	32.346	15.113	68.126	0.0	6.506	3.001	22.843
3	4	0.0	0.0	0.0	172.232	0.0	0.0	0.0	33.1	0.0	0.0	0.0	81.311	0.0	0.0	0.0	3.042
3	5	0.0	0.0	155.249	16.982	0.0	0.0	31.747	1.353	0.0	0.0	78.874	2.437	0.0	0.0	3.042	0.0
3	6	172.232	0.0	0.0	0.0	33.1	0.0	0.0	0.0	81.311	0.0	0.0	0.0	3.042	0.0	0.0	0.0
3	7	16.137	93.986	27.526	34.583	0.0	21.144	4.171	7.785	6.023	38.218	11.498	25.572	0.0	3.042	0.0	0.0
3	8	46.137	26.26	86.841	12.995	4.301	5.589	19.917	3.292	14.848	11.028	48.155	7.279	0.857	0.0	2.184	0.0
3	9	2.52	2.087	0.0	167.624	0.0	0.0	0.0	33.1	0.593	1.326	0.0	79.391	0.0	0.0	0.0	3.042
3	10	12.525	159.707	0.0	0.0	2.137	30.963	0.0	0.0	7.48	73.83	0.0	0.0	0.0	3.042	0.0	0.0
3	11	170.206	0.0	0.0	2.025	32.48	0.0	0.0	0.62	79.855	0.0	0.0	1.455	3.042	0.0	0.0	0.0
3	12	2.462	46.344	22.171	101.255	0.707	6.801	2.688	22.904	0.72	22.405	8.063	50.122	0.0	0.0	0.63	2.411
4	5	0.0	0.0	0.0	0.0	0.0	0.0	0.0	0.0	0.0	0.0	0.0	0.0	0.0	0.0	268.912	20.772
4	6	0.0	0.0	0.0	0.0	0.0	0.0	0.0	0.0	0.0	0.0	0.0	0.0	289.684	0.0	0.0	0.0
4	7	0.0	0.0	0.0	0.0	0.0	0.0	0.0	0.0	0.0	0.0	0.0	0.0	22.16	156.389	43.195	67.939
4	8	0.0	0.0	0.0	0.0	0.0	0.0	0.0	0.0	0.0	0.0	0.0	0.0	66.144	42.877	157.098	23.566
4	9	0.0	0.0	0.0	0.0	0.0	0.0	0.0	0.0	0.0	0.0	0.0	0.0	3.114	3.413	0.0	283.157
4	10	0.0	0.0	0.0	0.0	0.0	0.0	0.0	0.0	0.0	0.0	0.0	0.0	22.142	267.542	0.0	0.0
4	11	0.0	0.0	0.0	0.0	0.0	0.0	0.0	0.0	0.0	0.0	0.0	0.0	285.583	0.0	0.0	4.1
4	12	0.0	0.0	0.0	0.0	0.0	0.0	0.0	0.0	0.0	0.0	0.0	0.0	3.889	75.55	33.553	176.692
5	6	0.0	0.0	0.0	0.0	0.0	0.0	0.0	0.0	268.912	0.0	0.0	0.0	20.772	0.0	0.0	0.0
5	7	0.0	0.0	0.0	0.0	0.0	0.0	0.0	0.0	22.16	138.03	43.195	65.526	0.0	18.359	0.0	2.413
5	8	0.0	0.0	0.0	0.0	0.0	0.0	0.0	0.0	60.877	38.725	146.949	22.36	5.266	4.151	10.148	1.206
5	9	0.0	0.0	0.0	0.0	0.0	0.0	0.0	0.0	3.114	3.413	0.0	262.385	0.0	0.0	0.0	20.772
5	10	0.0	0.0	0.0	0.0	0.0	0.0	0.0	0.0	20.069	248.843	0.0	0.0	2.073	18.699	0.0	0.0
5	11	0.0	0.0	0.0	0.0	0.0	0.0	0.0	0.0	264.811	0.0	0.0	4.1	20.772	0.0	0.0	0.0
5	12	0.0	0.0	0.0	0.0	0.0	0.0	0.0	0.0	3.889	68.974	31.501	164.548	0.0	6.576	2.052	12.144
6	7	22.16	156.389	43.195	67.939	0.0	0.0	0.0	0.0	0.0	0.0	0.0	0.0	0.0	0.0	0.0	0.0
6	8	66.144	42.877	157.098	23.566	0.0	0.0	0.0	0.0	0.0	0.0	0.0	0.0	0.0	0.0	0.0	0.0
6	9	3.114	3.413	0.0	283.157	0.0	0.0	0.0	0.0	0.0	0.0	0.0	0.0	0.0	0.0	0.0	0.0
6	10	22.142	267.542	0.0	0.0	0.0	0.0	0.0	0.0	0.0	0.0	0.0	0.0	0.0	0.0	0.0	0.0
6	11	285.583	0.0	0.0	4.1	0.0	0.0	0.0	0.0	0.0	0.0	0.0	0.0	0.0	0.0	0.0	0.0
6	12	3.889	75.55	33.553	176.692	0.0	0.0	0.0	0.0	0.0	0.0	0.0	0.0	0.0	0.0	0.0	0.0
7	8	8.714	4.582	8.864	0.0	47.855	26.285	73.176	9.073	8.147	3.808	26.607	4.633	1.428	8.201	48.451	9.86
7	9	0.0	0.0	0.0	22.16	1.162	3.413	0.0	151.814	0.0	0.0	0.0	43.195	1.951	0.0	0.0	65.988
7	10	1.471	20.69	0.0	0.0	10.723	145.666	0.0	0.0	4.9	38.295	0.0	0.0	5.048	62.891	0.0	0.0
7	11	22.16	0.0	0.0	0.0	152.289	0.0	0.0	4.1	43.195	0.0	0.0	0.0	67.939	0.0	0.0	0.0
7	12	0.0	6.479	3.087	12.595	3.134	43.738	19.211	90.306	0.0	10.878	6.01	26.307	0.755	14.455	5.244	47.484
8	9	0.568	0.651	0.0	64.925	0.594	0.52	0.0	41.762	1.951	2.241	0.0	152.905	0.0	0.0	0.0	23.566
8	10	2.704	63.439	0.0	0.0	0.0	42.877	0.0	0.0	19.438	137.66	0.0	0.0	0.0	23.566	0.0	0.0
8	11	65.339	0.0	0.0	0.804	42.877	0.0	0.0	0.0	154.309	0.0	0.0	2.789	23.058	0.0	0.0	0.507
8	12	0.0	24.11	7.259	34.775	0.0	10.042	4.207	28.627	3.889	35.205	21.245	96.759	0.0	6.193	0.841	16.532
9	10	0.0	3.114	0.0	0.0	0.0	3.413	0.0	0.0	0.0	0.0	0.0	0.0	22.142	261.015	0.0	0.0
9	11	3.114	0.0	0.0	0.0	3.413	0.0	0.0	0.0	0.0	0.0	0.0	0.0	279.057	0.0	0.0	4.1
9	12	0.0	0.568	0.0	2.546	0.0	0.742	0.0	2.671	0.0	0.0	0.0	0.0	3.889	74.24	33.553	171.475
10	11	22.142	0.0	0.0	0.0	263.441	0.0	0.0	4.1	0.0	0.0	0.0	0.0	0.0	0.0	0.0	0.0
10	12	0.0	2.61	2.032	17.5	3.889	72.939	31.521	159.193	0.0	0.0	0.0	0.0	0.0	0.0	0.0	0.0
11	12	3.889	75.55	33.553	172.592	0.0	0.0	0.0	0.0	0.0	0.0	0.0	0.0	0.0	0.0	0.0	4.1
