NA	CEBPB
PO1	PO2	AA	AC	AG	AT	CA	CC	CG	CT	GA	GC	GG	GT	TA	TC	TG	TT
1	2	27.158	13.233	33.842	7.135	17.458	9.048	18.034	14.251	23.933	13.291	43.791	10.954	9.506	5.312	21.628	4.18
1	3	52.486	6.848	19.966	2.068	32.482	8.023	17.708	0.578	54.834	10.896	26.238	0.0	20.7	7.03	12.209	0.685
1	4	0.0	0.0	0.754	80.614	0.0	0.0	0.0	58.791	0.0	0.0	0.567	91.401	0.0	0.0	0.0	40.626
1	5	0.537	0.0	77.366	3.466	0.0	0.0	58.791	0.0	0.501	0.0	89.333	2.133	0.0	0.0	40.626	0.0
1	6	81.369	0.0	0.0	0.0	58.791	0.0	0.0	0.0	91.968	0.0	0.0	0.0	40.626	0.0	0.0	0.0
1	7	13.027	44.641	13.959	9.742	4.217	40.294	8.163	6.118	13.976	48.095	13.914	15.983	5.763	22.828	7.272	4.762
1	8	26.982	8.986	41.601	3.8	19.647	7.95	29.786	1.408	30.295	12.035	48.773	0.865	10.792	6.5	22.191	1.143
1	9	2.917	6.156	1.937	70.358	0.529	3.057	0.728	54.477	2.092	3.993	0.0	85.883	0.53	1.052	0.515	38.529
1	10	3.207	78.161	0.0	0.0	3.198	55.594	0.0	0.0	6.802	85.166	0.0	0.0	1.342	39.284	0.0	0.0
1	11	78.353	0.0	0.0	3.016	55.895	0.503	0.0	2.393	85.778	0.0	0.0	6.19	38.134	0.0	0.0	2.492
1	12	0.952	27.677	8.062	44.677	0.815	18.708	9.023	30.244	2.692	26.072	9.404	53.801	0.0	10.38	2.883	27.363
2	3	49.695	6.037	21.639	0.685	30.465	2.114	7.727	0.578	63.025	17.559	34.642	2.068	17.316	7.089	12.115	0.0
2	4	0.0	0.0	0.0	78.056	0.0	0.0	0.0	40.884	0.0	0.0	0.754	116.54	0.0	0.0	0.567	35.953
2	5	0.501	0.0	75.454	2.101	0.0	0.0	40.262	0.622	0.537	0.0	113.881	2.877	0.0	0.0	36.52	0.0
2	6	78.056	0.0	0.0	0.0	40.884	0.0	0.0	0.0	117.294	0.0	0.0	0.0	36.52	0.0	0.0	0.0
2	7	14.035	44.318	10.02	9.683	4.444	25.125	7.26	4.054	10.141	64.212	22.337	20.604	8.363	22.203	3.691	2.263
2	8	29.474	13.932	30.383	4.267	10.622	7.208	23.054	0.0	33.347	13.429	68.689	1.828	14.273	0.901	20.225	1.12
2	9	3.498	2.31	1.213	71.035	0.54	2.842	0.0	37.502	0.0	7.662	1.239	108.393	2.031	1.445	0.728	32.316
2	10	5.592	72.464	0.0	0.0	3.361	37.522	0.0	0.0	5.595	111.699	0.0	0.0	0.0	36.52	0.0	0.0
2	11	73.832	0.503	0.0	3.721	40.3	0.0	0.0	0.584	109.625	0.0	0.0	7.669	34.403	0.0	0.0	2.117
2	12	0.0	18.366	9.829	49.861	1.548	16.164	4.02	19.151	2.911	37.17	13.133	64.081	0.0	11.137	2.39	22.993
3	4	0.0	0.0	1.321	159.181	0.0	0.0	0.0	32.798	0.0	0.0	0.0	76.122	0.0	0.0	0.0	3.331
3	5	0.537	0.0	154.366	5.599	0.0	0.0	32.798	0.0	0.501	0.0	75.62	0.0	0.0	0.0	3.331	0.0
3	6	160.502	0.0	0.0	0.0	32.798	0.0	0.0	0.0	76.122	0.0	0.0	0.0	3.331	0.0	0.0	0.0
3	7	24.063	87.467	26.755	22.217	3.999	23.299	4.099	1.401	8.921	41.76	12.454	12.987	0.0	3.331	0.0	0.0
3	8	53.307	23.069	79.336	4.79	9.388	5.174	18.236	0.0	23.511	7.227	42.958	2.426	1.511	0.0	1.82	0.0
3	9	5.56	7.94	1.94	145.061	0.0	0.756	0.515	31.528	0.508	5.563	0.724	69.326	0.0	0.0	0.0	3.331
3	10	9.4	151.101	0.0	0.0	0.544	32.254	0.0	0.0	4.604	71.518	0.0	0.0	0.0	3.331	0.0	0.0
3	11	159.761	0.0	0.0	0.741	27.352	0.0	0.0	5.447	68.378	0.503	0.0	7.241	2.669	0.0	0.0	0.662
3	12	1.767	46.205	20.785	91.744	1.959	10.133	0.802	19.905	0.733	25.837	7.228	42.325	0.0	0.662	0.557	2.112
4	5	0.0	0.0	0.0	0.0	0.0	0.0	0.0	0.0	0.0	0.0	1.321	0.0	1.038	0.0	264.795	5.599
4	6	0.0	0.0	0.0	0.0	0.0	0.0	0.0	0.0	1.321	0.0	0.0	0.0	271.432	0.0	0.0	0.0
4	7	0.0	0.0	0.0	0.0	0.0	0.0	0.0	0.0	0.754	0.567	0.0	0.0	36.229	155.291	43.308	36.605
4	8	0.0	0.0	0.0	0.0	0.0	0.0	0.0	0.0	0.0	0.0	1.321	0.0	87.716	35.471	141.029	7.216
4	9	0.0	0.0	0.0	0.0	0.0	0.0	0.0	0.0	0.0	0.0	0.0	1.321	6.069	14.259	3.179	247.926
4	10	0.0	0.0	0.0	0.0	0.0	0.0	0.0	0.0	0.0	1.321	0.0	0.0	14.549	256.884	0.0	0.0
4	11	0.0	0.0	0.0	0.0	0.0	0.0	0.0	0.0	1.321	0.0	0.0	0.0	256.839	0.503	0.0	14.091
4	12	0.0	0.0	0.0	0.0	0.0	0.0	0.0	0.0	0.0	0.567	0.0	0.754	4.459	82.27	29.372	155.332
5	6	1.038	0.0	0.0	0.0	0.0	0.0	0.0	0.0	266.116	0.0	0.0	0.0	5.599	0.0	0.0	0.0
5	7	0.537	0.501	0.0	0.0	0.0	0.0	0.0	0.0	36.446	149.757	43.308	36.605	0.0	5.599	0.0	0.0
5	8	0.501	0.0	0.537	0.0	0.0	0.0	0.0	0.0	83.51	34.964	140.426	7.216	3.705	0.507	1.388	0.0
5	9	0.0	0.0	0.0	1.038	0.0	0.0	0.0	0.0	6.069	14.259	3.179	242.61	0.0	0.0	0.0	5.599
5	10	0.0	1.038	0.0	0.0	0.0	0.0	0.0	0.0	14.549	251.568	0.0	0.0	0.0	5.599	0.0	0.0
5	11	1.038	0.0	0.0	0.0	0.0	0.0	0.0	0.0	251.523	0.503	0.0	14.091	5.599	0.0	0.0	0.0
5	12	0.0	0.0	0.0	1.038	0.0	0.0	0.0	0.0	4.459	80.5	28.831	152.326	0.0	2.337	0.54	2.723
6	7	36.983	155.858	43.308	36.605	0.0	0.0	0.0	0.0	0.0	0.0	0.0	0.0	0.0	0.0	0.0	0.0
6	8	87.716	35.471	142.35	7.216	0.0	0.0	0.0	0.0	0.0	0.0	0.0	0.0	0.0	0.0	0.0	0.0
6	9	6.069	14.259	3.179	249.247	0.0	0.0	0.0	0.0	0.0	0.0	0.0	0.0	0.0	0.0	0.0	0.0
6	10	14.549	258.205	0.0	0.0	0.0	0.0	0.0	0.0	0.0	0.0	0.0	0.0	0.0	0.0	0.0	0.0
6	11	258.16	0.503	0.0	14.091	0.0	0.0	0.0	0.0	0.0	0.0	0.0	0.0	0.0	0.0	0.0	0.0
6	12	4.459	82.837	29.372	156.086	0.0	0.0	0.0	0.0	0.0	0.0	0.0	0.0	0.0	0.0	0.0	0.0
7	8	17.785	5.144	14.054	0.0	56.133	23.619	71.235	4.87	11.702	3.809	25.451	2.346	2.096	2.899	31.61	0.0
7	9	2.532	2.678	1.213	30.56	3.007	9.655	1.967	141.228	0.529	1.392	0.0	41.387	0.0	0.534	0.0	36.071
7	10	2.104	34.879	0.0	0.0	9.063	146.794	0.0	0.0	3.381	39.927	0.0	0.0	0.0	36.605	0.0	0.0
7	11	33.397	0.0	0.0	3.586	146.867	0.503	0.0	8.487	41.291	0.0	0.0	2.017	36.605	0.0	0.0	0.0
7	12	1.145	13.238	3.373	19.228	3.314	50.15	18.648	83.745	0.0	13.127	5.88	24.302	0.0	6.322	1.471	28.812
8	9	3.954	7.169	3.179	73.415	1.305	1.282	0.0	32.884	0.81	5.807	0.0	135.733	0.0	0.0	0.0	7.216
8	10	3.835	83.882	0.0	0.0	0.0	35.471	0.0	0.0	10.714	131.636	0.0	0.0	0.0	7.216	0.0	0.0
8	11	80.638	0.0	0.0	7.078	34.887	0.0	0.0	0.584	135.419	0.503	0.0	6.428	7.216	0.0	0.0	0.0
8	12	0.561	36.855	9.079	41.221	0.0	8.208	3.19	24.073	3.898	37.052	17.103	84.298	0.0	0.723	0.0	6.493
9	10	0.0	6.069	0.0	0.0	1.332	12.927	0.0	0.0	0.0	3.179	0.0	0.0	13.217	236.03	0.0	0.0
9	11	6.069	0.0	0.0	0.0	14.259	0.0	0.0	0.0	3.179	0.0	0.0	0.0	234.653	0.503	0.0	14.091
9	12	0.0	3.281	0.0	2.788	0.0	8.098	0.644	5.517	0.0	1.937	0.0	1.242	4.459	69.521	28.728	146.539
10	11	14.549	0.0	0.0	0.0	243.611	0.503	0.0	14.091	0.0	0.0	0.0	0.0	0.0	0.0	0.0	0.0
10	12	0.0	3.091	0.843	10.615	4.459	79.746	28.529	145.471	0.0	0.0	0.0	0.0	0.0	0.0	0.0	0.0
11	12	4.459	77.448	27.644	148.609	0.0	0.0	0.0	0.503	0.0	0.0	0.0	0.0	0.0	5.388	1.728	6.975
