NA	CEBPB
PO1	PO2	AA	AC	AG	AT	CA	CC	CG	CT	GA	GC	GG	GT	TA	TC	TG	TT
1	2	30.153	14.854	30.418	6.252	22.47	12.744	18.954	12.835	25.746	15.498	43.558	9.765	10.962	8.789	23.716	3.521
1	3	51.956	8.085	20.158	1.478	37.363	7.974	20.906	0.761	57.631	11.59	25.346	0.0	25.839	5.507	14.847	0.794
1	4	0.0	0.0	0.0	81.677	0.0	0.0	0.0	67.003	0.0	0.0	0.0	94.567	0.0	0.0	0.0	46.988
1	5	0.0	0.0	73.719	7.958	0.0	0.0	64.591	2.412	0.0	0.0	88.008	6.558	0.0	0.0	41.78	5.208
1	6	81.677	0.0	0.0	0.0	67.003	0.0	0.0	0.0	94.567	0.0	0.0	0.0	46.988	0.0	0.0	0.0
1	7	6.309	43.888	14.756	16.724	3.293	40.371	8.079	15.26	10.13	46.852	12.366	25.219	2.472	25.629	8.077	10.81
1	8	20.437	10.008	43.972	7.26	15.119	11.941	34.446	5.496	22.268	13.646	52.461	6.192	8.337	7.406	27.003	4.243
1	9	1.305	1.275	0.0	79.097	0.0	0.81	0.0	66.193	1.771	1.222	0.0	91.573	0.0	0.0	0.0	46.988
1	10	5.763	75.914	0.0	0.0	6.585	60.418	0.0	0.0	8.566	86.001	0.0	0.0	2.121	44.867	0.0	0.0
1	11	81.032	0.0	0.0	0.645	65.698	0.0	0.0	1.305	93.289	0.0	0.0	1.278	46.988	0.0	0.0	0.0
1	12	0.912	23.267	10.402	47.096	0.793	20.751	9.529	35.93	1.419	20.972	10.574	61.602	0.758	10.73	3.247	32.253
2	3	54.892	10.25	23.395	0.794	39.645	3.161	8.318	0.761	64.161	14.37	36.636	1.478	14.091	5.374	12.907	0.0
2	4	0.0	0.0	0.0	89.331	0.0	0.0	0.0	51.886	0.0	0.0	0.0	116.646	0.0	0.0	0.0	32.372
2	5	0.0	0.0	80.759	8.572	0.0	0.0	44.459	7.426	0.0	0.0	110.507	6.138	0.0	0.0	32.372	0.0
2	6	89.331	0.0	0.0	0.0	51.886	0.0	0.0	0.0	116.646	0.0	0.0	0.0	32.372	0.0	0.0	0.0
2	7	9.235	46.261	11.311	22.524	3.2	31.107	7.972	9.606	4.626	60.566	21.506	29.947	5.143	18.805	2.487	5.936
2	8	22.149	18.219	40.437	8.526	9.407	8.678	29.166	4.635	25.201	15.233	68.875	7.337	9.405	0.87	19.404	2.694
2	9	2.445	0.653	0.0	86.234	0.632	0.501	0.0	50.753	0.0	2.153	0.0	114.493	0.0	0.0	0.0	32.372
2	10	8.38	80.951	0.0	0.0	6.219	45.666	0.0	0.0	6.802	109.843	0.0	0.0	1.633	30.739	0.0	0.0
2	11	87.946	0.0	0.0	1.385	51.243	0.0	0.0	0.642	115.444	0.0	0.0	1.201	32.372	0.0	0.0	0.0
2	12	0.758	18.259	11.272	59.042	1.511	18.609	4.279	27.487	1.613	32.354	15.193	67.485	0.0	6.497	3.008	22.867
3	4	0.0	0.0	0.0	172.789	0.0	0.0	0.0	33.155	0.0	0.0	0.0	81.257	0.0	0.0	0.0	3.033
3	5	0.0	0.0	154.648	18.141	0.0	0.0	31.706	1.449	0.0	0.0	78.711	2.547	0.0	0.0	3.033	0.0
3	6	172.789	0.0	0.0	0.0	33.155	0.0	0.0	0.0	81.257	0.0	0.0	0.0	3.033	0.0	0.0	0.0
3	7	16.177	94.423	27.573	34.616	0.0	21.161	4.184	7.81	6.027	38.124	11.52	25.587	0.0	3.033	0.0	0.0
3	8	46.188	26.388	87.589	12.624	4.295	5.588	19.976	3.296	14.827	11.024	48.136	7.271	0.851	0.0	2.182	0.0
3	9	2.493	2.032	0.0	168.264	0.0	0.0	0.0	33.155	0.584	1.275	0.0	79.399	0.0	0.0	0.0	3.033
3	10	13.336	159.453	0.0	0.0	2.175	30.981	0.0	0.0	7.524	73.733	0.0	0.0	0.0	3.033	0.0	0.0
3	11	171.407	0.0	0.0	1.382	32.617	0.0	0.0	0.538	79.949	0.0	0.0	1.308	3.033	0.0	0.0	0.0
3	12	2.462	46.46	22.266	101.601	0.701	6.811	2.771	22.871	0.718	22.449	8.088	50.003	0.0	0.0	0.627	2.406
4	5	0.0	0.0	0.0	0.0	0.0	0.0	0.0	0.0	0.0	0.0	0.0	0.0	0.0	0.0	268.098	22.136
4	6	0.0	0.0	0.0	0.0	0.0	0.0	0.0	0.0	0.0	0.0	0.0	0.0	290.234	0.0	0.0	0.0
4	7	0.0	0.0	0.0	0.0	0.0	0.0	0.0	0.0	0.0	0.0	0.0	0.0	22.204	156.74	43.278	68.013
4	8	0.0	0.0	0.0	0.0	0.0	0.0	0.0	0.0	0.0	0.0	0.0	0.0	66.161	43.0	157.882	23.191
4	9	0.0	0.0	0.0	0.0	0.0	0.0	0.0	0.0	0.0	0.0	0.0	0.0	3.076	3.307	0.0	283.851
4	10	0.0	0.0	0.0	0.0	0.0	0.0	0.0	0.0	0.0	0.0	0.0	0.0	23.035	267.2	0.0	0.0
4	11	0.0	0.0	0.0	0.0	0.0	0.0	0.0	0.0	0.0	0.0	0.0	0.0	287.006	0.0	0.0	3.228
4	12	0.0	0.0	0.0	0.0	0.0	0.0	0.0	0.0	0.0	0.0	0.0	0.0	3.881	75.72	33.752	176.881
5	6	0.0	0.0	0.0	0.0	0.0	0.0	0.0	0.0	268.098	0.0	0.0	0.0	22.136	0.0	0.0	0.0
5	7	0.0	0.0	0.0	0.0	0.0	0.0	0.0	0.0	22.204	137.037	43.278	65.579	0.0	19.703	0.0	2.433
5	8	0.0	0.0	0.0	0.0	0.0	0.0	0.0	0.0	60.784	38.698	146.762	21.853	5.377	4.302	11.119	1.338
5	9	0.0	0.0	0.0	0.0	0.0	0.0	0.0	0.0	3.076	3.307	0.0	261.715	0.0	0.0	0.0	22.136
5	10	0.0	0.0	0.0	0.0	0.0	0.0	0.0	0.0	20.242	247.856	0.0	0.0	2.793	19.343	0.0	0.0
5	11	0.0	0.0	0.0	0.0	0.0	0.0	0.0	0.0	264.869	0.0	0.0	3.228	22.136	0.0	0.0	0.0
5	12	0.0	0.0	0.0	0.0	0.0	0.0	0.0	0.0	3.881	68.967	31.566	163.683	0.0	6.753	2.186	13.198
6	7	22.204	156.74	43.278	68.013	0.0	0.0	0.0	0.0	0.0	0.0	0.0	0.0	0.0	0.0	0.0	0.0
6	8	66.161	43.0	157.882	23.191	0.0	0.0	0.0	0.0	0.0	0.0	0.0	0.0	0.0	0.0	0.0	0.0
6	9	3.076	3.307	0.0	283.851	0.0	0.0	0.0	0.0	0.0	0.0	0.0	0.0	0.0	0.0	0.0	0.0
6	10	23.035	267.2	0.0	0.0	0.0	0.0	0.0	0.0	0.0	0.0	0.0	0.0	0.0	0.0	0.0	0.0
6	11	287.006	0.0	0.0	3.228	0.0	0.0	0.0	0.0	0.0	0.0	0.0	0.0	0.0	0.0	0.0	0.0
6	12	3.881	75.72	33.752	176.881	0.0	0.0	0.0	0.0	0.0	0.0	0.0	0.0	0.0	0.0	0.0	0.0
7	8	8.72	4.583	8.901	0.0	47.833	26.408	73.801	8.698	8.154	3.81	26.681	4.633	1.454	8.199	48.499	9.86
7	9	0.0	0.0	0.0	22.204	1.142	3.307	0.0	152.291	0.0	0.0	0.0	43.278	1.934	0.0	0.0	66.078
7	10	1.504	20.7	0.0	0.0	11.487	145.253	0.0	0.0	4.955	38.323	0.0	0.0	5.089	62.924	0.0	0.0
7	11	22.204	0.0	0.0	0.0	153.512	0.0	0.0	3.228	43.278	0.0	0.0	0.0	68.013	0.0	0.0	0.0
7	12	0.0	6.48	3.098	12.626	3.124	43.87	19.371	90.376	0.0	10.892	6.034	26.353	0.758	14.479	5.249	47.527
8	9	0.556	0.622	0.0	64.984	0.586	0.501	0.0	41.912	1.934	2.184	0.0	153.764	0.0	0.0	0.0	23.191
8	10	2.702	63.46	0.0	0.0	0.0	43.0	0.0	0.0	20.333	137.548	0.0	0.0	0.0	23.191	0.0	0.0
8	11	65.422	0.0	0.0	0.739	43.0	0.0	0.0	0.0	155.392	0.0	0.0	2.489	23.191	0.0	0.0	0.0
8	12	0.0	24.118	7.343	34.701	0.0	10.113	4.216	28.671	3.881	35.291	21.353	97.357	0.0	6.199	0.84	16.153
9	10	0.0	3.076	0.0	0.0	0.0	3.307	0.0	0.0	0.0	0.0	0.0	0.0	23.035	260.816	0.0	0.0
9	11	3.076	0.0	0.0	0.0	3.307	0.0	0.0	0.0	0.0	0.0	0.0	0.0	280.623	0.0	0.0	3.228
9	12	0.0	0.556	0.0	2.521	0.0	0.721	0.0	2.586	0.0	0.0	0.0	0.0	3.881	74.443	33.752	171.775
10	11	23.035	0.0	0.0	0.0	263.971	0.0	0.0	3.228	0.0	0.0	0.0	0.0	0.0	0.0	0.0	0.0
10	12	0.0	2.627	2.068	18.339	3.881	73.093	31.684	158.542	0.0	0.0	0.0	0.0	0.0	0.0	0.0	0.0
11	12	3.881	75.72	33.752	173.653	0.0	0.0	0.0	0.0	0.0	0.0	0.0	0.0	0.0	0.0	0.0	3.228
