NA	CEBPB
PO1	PO2	AA	AC	AG	AT	CA	CC	CG	CT	GA	GC	GG	GT	TA	TC	TG	TT
1	2	23.833	10.106	32.786	6.489	14.028	6.409	14.695	12.957	21.435	10.487	34.77	11.741	9.499	4.372	15.905	5.821
1	3	46.354	7.016	18.216	1.629	27.041	9.148	11.9	0.0	47.061	10.862	20.511	0.0	18.364	6.803	9.77	0.659
1	4	0.532	0.0	1.905	70.777	0.0	0.0	0.0	48.089	0.0	0.0	1.226	77.207	0.0	0.0	0.0	35.596
1	5	1.095	0.0	70.747	1.371	0.0	0.0	48.089	0.0	0.581	0.0	76.567	1.285	0.0	0.0	35.596	0.0
1	6	73.213	0.0	0.0	0.0	48.089	0.0	0.0	0.0	78.433	0.0	0.0	0.0	35.596	0.0	0.0	0.0
1	7	17.712	40.885	12.89	1.727	5.126	36.23	6.733	0.0	16.136	46.777	11.544	3.976	7.817	22.087	5.692	0.0
1	8	32.505	5.981	34.049	0.679	21.135	5.954	21.001	0.0	32.339	10.355	35.102	0.637	12.93	5.872	16.794	0.0
1	9	4.415	8.408	3.197	57.193	0.655	4.071	0.829	42.534	2.66	3.989	0.0	71.784	0.509	1.464	0.678	32.945
1	10	4.171	69.042	0.0	0.0	2.428	45.661	0.0	0.0	5.778	71.992	0.0	0.663	1.423	34.174	0.0	0.0
1	11	70.775	0.0	0.0	2.439	45.173	0.63	0.0	2.287	71.926	0.697	0.0	5.811	31.638	0.532	0.0	3.426
1	12	1.511	29.483	7.708	34.512	0.621	15.939	6.683	24.846	2.584	24.975	7.164	43.71	0.0	10.948	2.72	21.928
2	3	42.192	6.609	19.335	0.659	23.543	1.712	6.119	0.0	55.16	17.168	24.198	1.629	17.926	8.339	10.743	0.0
2	4	0.532	0.0	0.583	67.68	0.0	0.0	0.0	31.374	0.0	0.0	1.322	96.834	0.0	0.0	1.226	35.781
2	5	0.581	0.0	66.874	1.34	0.0	0.0	31.374	0.0	0.569	0.0	96.27	1.316	0.526	0.0	36.482	0.0
2	6	68.795	0.0	0.0	0.0	31.374	0.0	0.0	0.0	98.156	0.0	0.0	0.0	37.007	0.0	0.0	0.0
2	7	17.917	42.008	7.227	1.644	5.49	20.659	5.225	0.0	11.816	61.024	21.256	4.059	11.568	22.288	3.151	0.0
2	8	33.279	11.885	22.316	1.316	11.226	4.29	15.858	0.0	36.063	11.129	50.965	0.0	18.341	0.858	17.808	0.0
2	9	4.508	3.197	1.78	59.31	0.818	3.429	0.0	27.127	0.507	8.87	1.541	87.238	2.407	2.436	1.384	30.781
2	10	4.791	64.004	0.0	0.0	1.795	29.579	0.0	0.0	5.856	91.637	0.0	0.663	1.359	35.649	0.0	0.0
2	11	63.975	0.63	0.0	4.19	31.374	0.0	0.0	0.0	90.054	1.228	0.0	6.874	34.108	0.0	0.0	2.899
2	12	0.0	18.108	9.506	41.181	1.172	15.499	2.868	11.834	3.543	34.539	10.13	49.944	0.0	13.199	1.771	22.037
3	4	0.532	0.0	2.515	135.773	0.0	0.0	0.0	33.828	0.0	0.0	0.616	59.78	0.0	0.0	0.0	2.288
3	5	0.569	0.0	135.594	2.656	0.0	0.0	33.828	0.0	1.107	0.0	59.289	0.0	0.0	0.0	2.288	0.0
3	6	138.82	0.0	0.0	0.0	33.828	0.0	0.0	0.0	60.396	0.0	0.0	0.0	2.288	0.0	0.0	0.0
3	7	27.424	82.989	22.704	5.703	7.108	22.443	4.277	0.0	12.259	38.259	9.878	0.0	0.0	2.288	0.0	0.0
3	8	56.234	18.254	63.016	1.316	13.527	4.005	16.297	0.0	27.519	5.903	26.974	0.0	1.629	0.0	0.659	0.0
3	9	6.841	9.96	2.609	119.411	0.0	2.121	1.232	30.474	1.399	5.851	0.863	52.283	0.0	0.0	0.0	2.288
3	10	9.068	129.752	0.0	0.0	0.733	33.095	0.0	0.0	3.999	55.734	0.0	0.663	0.0	2.288	0.0	0.0
3	11	137.373	0.532	0.0	0.916	27.789	0.63	0.0	5.409	52.783	0.697	0.0	6.917	1.567	0.0	0.0	0.721
3	12	1.54	43.407	17.513	76.359	2.624	11.696	0.81	18.699	0.552	25.521	5.952	28.371	0.0	0.721	0.0	1.567
4	5	0.0	0.0	0.532	0.0	0.0	0.0	0.0	0.0	0.0	0.0	3.131	0.0	1.676	0.0	227.337	2.656
4	6	0.532	0.0	0.0	0.0	0.0	0.0	0.0	0.0	3.131	0.0	0.0	0.0	231.669	0.0	0.0	0.0
4	7	0.532	0.0	0.0	0.0	0.0	0.0	0.0	0.0	2.521	0.61	0.0	0.0	43.739	145.368	36.859	5.703
4	8	0.0	0.0	0.532	0.0	0.0	0.0	0.0	0.0	1.706	0.0	1.425	0.0	97.203	28.162	104.989	1.316
4	9	0.0	0.0	0.0	0.532	0.0	0.0	0.0	0.0	0.507	0.583	0.0	2.041	7.733	17.349	4.704	201.883
4	10	0.0	0.532	0.0	0.0	0.0	0.0	0.0	0.0	0.0	3.131	0.0	0.0	13.8	217.206	0.0	0.663
4	11	0.532	0.0	0.0	0.0	0.0	0.0	0.0	0.0	3.131	0.0	0.0	0.0	215.848	1.858	0.0	13.963
4	12	0.0	0.0	0.0	0.532	0.0	0.0	0.0	0.0	0.0	1.809	0.0	1.322	4.715	79.536	24.275	123.142
5	6	1.676	0.0	0.0	0.0	0.0	0.0	0.0	0.0	231.0	0.0	0.0	0.0	2.656	0.0	0.0	0.0
5	7	0.569	1.107	0.0	0.0	0.0	0.0	0.0	0.0	46.222	142.216	36.859	5.703	0.0	2.656	0.0	0.0
5	8	1.107	0.0	0.569	0.0	0.0	0.0	0.0	0.0	95.146	28.162	106.376	1.316	2.656	0.0	0.0	0.0
5	9	0.0	0.0	0.0	1.676	0.0	0.0	0.0	0.0	8.239	17.932	4.704	200.124	0.0	0.0	0.0	2.656
5	10	0.0	1.676	0.0	0.0	0.0	0.0	0.0	0.0	13.8	216.537	0.0	0.663	0.0	2.656	0.0	0.0
5	11	1.676	0.0	0.0	0.0	0.0	0.0	0.0	0.0	215.179	1.858	0.0	13.963	2.656	0.0	0.0	0.0
5	12	0.0	0.0	0.0	1.676	0.0	0.0	0.0	0.0	4.715	80.029	24.275	121.979	0.0	1.316	0.0	1.34
6	7	46.791	145.979	36.859	5.703	0.0	0.0	0.0	0.0	0.0	0.0	0.0	0.0	0.0	0.0	0.0	0.0
6	8	98.909	28.162	106.946	1.316	0.0	0.0	0.0	0.0	0.0	0.0	0.0	0.0	0.0	0.0	0.0	0.0
6	9	8.239	17.932	4.704	204.456	0.0	0.0	0.0	0.0	0.0	0.0	0.0	0.0	0.0	0.0	0.0	0.0
6	10	13.8	220.869	0.0	0.663	0.0	0.0	0.0	0.0	0.0	0.0	0.0	0.0	0.0	0.0	0.0	0.0
6	11	219.511	1.858	0.0	13.963	0.0	0.0	0.0	0.0	0.0	0.0	0.0	0.0	0.0	0.0	0.0	0.0
6	12	4.715	81.346	24.275	124.996	0.0	0.0	0.0	0.0	0.0	0.0	0.0	0.0	0.0	0.0	0.0	0.0
7	8	26.417	5.074	15.3	0.0	59.078	19.72	65.864	1.316	12.724	3.367	20.768	0.0	0.69	0.0	5.013	0.0
7	9	4.56	5.184	2.334	34.714	3.024	10.554	2.37	130.031	0.655	2.195	0.0	34.009	0.0	0.0	0.0	5.703
7	10	2.817	43.974	0.0	0.0	9.243	136.073	0.0	0.663	1.74	35.119	0.0	0.0	0.0	5.703	0.0	0.0
7	11	41.437	0.697	0.0	4.658	136.854	1.162	0.0	7.963	35.517	0.0	0.0	1.342	5.703	0.0	0.0	0.0
7	12	1.344	19.754	3.997	21.697	2.78	48.628	15.952	78.618	0.591	12.274	4.326	19.668	0.0	0.69	0.0	5.013
8	9	6.158	10.318	4.704	77.728	1.226	1.25	0.0	25.686	0.855	6.364	0.0	99.726	0.0	0.0	0.0	1.316
8	10	6.072	92.174	0.0	0.663	0.0	28.162	0.0	0.0	7.728	99.218	0.0	0.0	0.0	1.316	0.0	0.0
8	11	89.594	1.327	0.0	7.988	28.162	0.0	0.0	0.0	100.439	0.532	0.0	5.975	1.316	0.0	0.0	0.0
8	12	1.349	42.93	8.936	45.693	0.0	6.48	2.025	19.657	3.366	31.936	13.314	58.329	0.0	0.0	0.0	1.316
9	10	0.0	8.239	0.0	0.0	2.738	15.194	0.0	0.0	0.0	4.704	0.0	0.0	11.062	192.731	0.0	0.663
9	11	8.239	0.0	0.0	0.0	17.932	0.0	0.0	0.0	4.704	0.0	0.0	0.0	188.635	1.858	0.0	13.963
9	12	0.0	3.946	0.577	3.716	0.0	11.001	0.722	6.21	0.0	3.197	0.0	1.507	4.715	63.202	22.976	113.563
10	11	13.8	0.0	0.0	0.0	205.048	1.858	0.0	13.963	0.0	0.0	0.0	0.0	0.663	0.0	0.0	0.0
10	12	0.0	3.56	0.71	9.53	4.715	77.785	23.566	114.803	0.0	0.0	0.0	0.0	0.0	0.0	0.0	0.663
11	12	4.715	74.742	22.946	117.107	0.0	1.228	0.0	0.63	0.0	0.0	0.0	0.0	0.0	5.375	1.329	7.258
