NA	CEBPB
PO1	PO2	AA	AC	AG	AT	CA	CC	CG	CT	GA	GC	GG	GT	TA	TC	TG	TT
1	2	19.027	7.529	23.939	8.031	9.979	2.188	6.438	8.24	17.114	5.715	18.436	6.847	5.49	1.333	11.415	10.288
1	3	36.605	6.858	12.822	2.242	12.305	6.361	8.18	0.0	28.663	5.524	13.926	0.0	13.973	5.862	8.691	0.0
1	4	1.307	0.0	3.067	54.153	0.0	0.0	0.0	26.845	0.0	0.0	1.348	46.764	0.0	0.0	0.62	27.906
1	5	1.3	0.0	56.182	1.045	0.0	0.0	26.845	0.0	0.668	0.0	47.445	0.0	0.0	0.0	28.526	0.0
1	6	58.527	0.0	0.0	0.0	26.845	0.0	0.0	0.0	47.583	0.0	0.0	0.53	27.851	0.0	0.0	0.675
1	7	22.727	29.528	6.272	0.0	4.939	18.868	3.039	0.0	15.905	26.706	5.502	0.0	12.774	10.392	5.361	0.0
1	8	36.467	2.9	19.16	0.0	20.938	0.774	5.134	0.0	30.647	5.078	12.387	0.0	17.081	1.272	10.173	0.0
1	9	5.441	10.379	3.801	38.906	0.627	3.093	0.766	22.359	2.643	4.212	0.0	41.258	0.512	4.552	0.61	22.852
1	10	2.745	54.52	0.73	0.532	2.094	24.242	0.0	0.51	3.43	43.902	0.0	0.781	2.571	25.362	0.593	0.0
1	11	56.041	0.544	0.0	1.942	24.846	0.593	0.0	1.406	41.975	0.764	0.0	5.373	22.008	1.766	0.0	4.751
1	12	1.664	24.332	6.128	26.403	0.0	9.159	2.343	15.344	2.592	20.188	3.191	22.141	0.0	10.372	2.697	15.458
2	3	29.056	5.278	16.589	0.688	12.993	1.092	2.682	0.0	32.105	12.486	14.083	1.554	17.391	5.749	10.266	0.0
2	4	1.307	0.0	1.173	49.13	0.0	0.0	0.0	16.766	0.0	0.0	2.011	58.217	0.0	0.0	1.852	31.555
2	5	0.668	0.0	50.408	0.535	0.0	0.0	16.766	0.0	0.656	0.0	59.063	0.51	0.645	0.0	32.761	0.0
2	6	51.611	0.0	0.0	0.0	16.237	0.0	0.0	0.53	59.553	0.0	0.0	0.675	33.406	0.0	0.0	0.0
2	7	21.182	25.933	4.495	0.0	5.351	10.064	1.351	0.0	14.681	35.116	10.431	0.0	15.13	14.38	3.896	0.0
2	8	35.835	5.749	10.027	0.0	11.745	0.526	4.495	0.0	35.614	2.473	22.141	0.0	21.939	1.277	10.19	0.0
2	9	5.646	5.447	2.299	38.219	0.711	3.301	0.0	12.754	0.614	7.751	1.434	50.429	2.252	5.737	1.444	23.973
2	10	4.064	47.546	0.0	0.0	0.61	15.647	0.0	0.51	4.253	54.464	0.73	0.781	1.913	30.368	0.593	0.532
2	11	47.207	0.593	0.0	3.81	16.766	0.0	0.0	0.0	52.273	1.296	0.0	6.659	28.623	1.779	0.0	3.004
2	12	1.049	15.079	8.23	27.253	0.556	10.11	0.771	5.329	2.652	26.043	3.584	27.949	0.0	12.819	1.774	18.814
3	4	1.307	0.0	4.284	85.954	0.0	0.0	0.0	24.605	0.0	0.0	0.751	42.868	0.0	0.0	0.0	2.242
3	5	0.656	0.0	89.845	1.045	0.0	0.0	24.605	0.0	1.313	0.0	42.306	0.0	0.0	0.0	2.242	0.0
3	6	90.34	0.0	0.0	1.205	24.605	0.0	0.0	0.0	43.619	0.0	0.0	0.0	2.242	0.0	0.0	0.0
3	7	30.354	50.88	10.311	0.0	9.536	11.731	3.339	0.0	15.767	21.329	6.523	0.0	0.688	1.554	0.0	0.0
3	8	57.351	7.653	26.542	0.0	14.403	0.645	9.557	0.0	31.138	1.726	10.755	0.0	2.242	0.0	0.0	0.0
3	9	7.009	11.041	2.464	71.031	0.653	2.707	1.289	19.956	1.561	7.8	1.424	32.834	0.0	0.688	0.0	1.554
3	10	8.146	82.358	0.0	1.042	0.512	24.093	0.0	0.0	2.182	39.333	1.323	0.781	0.0	2.242	0.0	0.0
3	11	88.856	1.075	0.0	1.614	18.386	1.168	0.0	5.05	36.028	1.424	0.0	6.167	1.599	0.0	0.0	0.642
3	12	0.543	34.918	7.141	48.944	2.609	10.529	1.988	9.48	1.105	17.274	5.23	20.01	0.0	1.33	0.0	0.912
4	5	0.0	0.0	1.307	0.0	0.0	0.0	0.0	0.0	0.0	0.0	5.036	0.0	1.968	0.0	152.655	1.045
4	6	1.307	0.0	0.0	0.0	0.0	0.0	0.0	0.0	5.036	0.0	0.0	0.0	154.463	0.0	0.0	1.205
4	7	1.307	0.0	0.0	0.0	0.0	0.0	0.0	0.0	3.9	1.135	0.0	0.0	51.136	84.358	20.173	0.0
4	8	0.554	0.0	0.753	0.0	0.0	0.0	0.0	0.0	3.159	0.503	1.373	0.0	101.42	9.521	44.728	0.0
4	9	0.0	0.554	0.0	0.753	0.0	0.0	0.0	0.0	1.153	1.255	0.0	2.628	8.071	20.426	5.177	121.994
4	10	0.0	1.307	0.0	0.0	0.0	0.0	0.0	0.0	0.0	5.036	0.0	0.0	10.84	141.683	1.323	1.822
4	11	1.307	0.0	0.0	0.0	0.0	0.0	0.0	0.0	5.036	0.0	0.0	0.0	138.527	3.668	0.0	13.473
4	12	0.0	0.554	0.0	0.753	0.0	0.0	0.0	0.0	0.0	3.142	0.0	1.894	4.257	60.354	14.359	76.699
5	6	1.968	0.0	0.0	0.0	0.0	0.0	0.0	0.0	157.793	0.0	0.0	1.205	1.045	0.0	0.0	0.0
5	7	0.656	1.313	0.0	0.0	0.0	0.0	0.0	0.0	55.689	83.136	20.173	0.0	0.0	1.045	0.0	0.0
5	8	1.313	0.0	0.656	0.0	0.0	0.0	0.0	0.0	102.776	10.024	46.198	0.0	1.045	0.0	0.0	0.0
5	9	0.0	0.0	0.0	1.968	0.0	0.0	0.0	0.0	9.223	22.236	5.177	122.361	0.0	0.0	0.0	1.045
5	10	0.0	1.968	0.0	0.0	0.0	0.0	0.0	0.0	10.84	145.013	1.323	1.822	0.0	1.045	0.0	0.0
5	11	1.968	0.0	0.0	0.0	0.0	0.0	0.0	0.0	141.857	3.668	0.0	13.473	1.045	0.0	0.0	0.0
5	12	0.0	0.0	0.0	1.968	0.0	0.0	0.0	0.0	4.257	63.54	14.359	76.842	0.0	0.51	0.0	0.535
6	7	55.669	84.964	20.173	0.0	0.0	0.0	0.0	0.0	0.0	0.0	0.0	0.0	0.675	0.53	0.0	0.0
6	8	103.928	10.024	46.853	0.0	0.0	0.0	0.0	0.0	0.0	0.0	0.0	0.0	1.205	0.0	0.0	0.0
6	9	9.223	22.236	5.177	124.169	0.0	0.0	0.0	0.0	0.0	0.0	0.0	0.0	0.0	0.0	0.0	1.205
6	10	10.84	146.821	1.323	1.822	0.0	0.0	0.0	0.0	0.0	0.0	0.0	0.0	0.0	1.205	0.0	0.0
6	11	143.665	3.668	0.0	13.473	0.0	0.0	0.0	0.0	0.0	0.0	0.0	0.0	1.205	0.0	0.0	0.0
6	12	4.257	63.375	14.359	78.816	0.0	0.0	0.0	0.0	0.0	0.0	0.0	0.0	0.0	0.675	0.0	0.53
7	8	34.598	5.356	16.39	0.0	58.517	4.002	22.974	0.0	12.019	0.666	7.489	0.0	0.0	0.0	0.0	0.0
7	9	5.845	8.826	2.977	38.695	2.751	10.213	2.2	70.329	0.627	3.196	0.0	16.35	0.0	0.0	0.0	0.0
7	10	3.181	51.841	1.323	0.0	7.089	76.582	0.0	1.822	0.57	19.603	0.0	0.0	0.0	0.0	0.0	0.0
7	11	48.639	2.543	0.0	5.162	77.213	1.125	0.0	7.155	19.018	0.0	0.0	1.156	0.0	0.0	0.0	0.0
7	12	2.537	25.584	5.924	22.299	1.099	32.825	6.508	45.062	0.621	5.641	1.927	11.984	0.0	0.0	0.0	0.0
8	9	7.919	14.13	5.177	77.907	0.57	1.233	0.0	8.221	0.734	6.873	0.0	39.246	0.0	0.0	0.0	0.0
8	10	4.911	97.077	1.323	1.822	0.0	10.024	0.0	0.0	5.929	40.924	0.0	0.0	0.0	0.0	0.0	0.0
8	11	93.12	3.136	0.0	8.877	10.024	0.0	0.0	0.0	41.726	0.531	0.0	4.596	0.0	0.0	0.0	0.0
8	12	2.474	46.678	10.834	45.147	0.0	1.978	1.297	6.75	1.783	15.394	2.228	27.449	0.0	0.0	0.0	0.0
9	10	0.512	8.712	0.0	0.0	1.933	19.771	0.0	0.532	0.0	5.177	0.0	0.0	8.395	114.366	1.323	1.29
9	11	9.223	0.0	0.0	0.0	20.999	0.544	0.0	0.694	5.177	0.0	0.0	0.0	109.47	3.124	0.0	12.78
9	12	0.0	3.736	1.37	4.117	1.049	12.677	0.75	7.76	0.0	3.2	0.601	1.376	3.207	44.436	11.638	66.092
10	11	10.84	0.0	0.0	0.0	130.885	3.668	0.0	13.473	1.323	0.0	0.0	0.0	1.822	0.0	0.0	0.0
10	12	0.0	3.261	0.649	6.931	4.257	58.956	13.71	71.102	0.0	1.323	0.0	0.0	0.0	0.51	0.0	1.312
11	12	4.257	57.693	11.989	70.932	0.0	2.531	0.0	1.137	0.0	0.0	0.0	0.0	0.0	3.826	2.37	7.277
