NA	CEBPB
PO1	PO2	AA	AC	AG	AT	CA	CC	CG	CT	GA	GC	GG	GT	TA	TC	TG	TT
1	2	30.15	14.719	30.43	6.239	22.412	12.596	19.125	12.768	25.231	15.362	44.284	9.769	10.914	7.479	23.599	3.509
1	3	51.672	8.06	20.324	1.482	37.233	7.955	20.961	0.751	58.142	11.14	25.365	0.0	24.435	5.499	14.78	0.787
1	4	0.0	0.0	0.0	81.538	0.0	0.0	0.0	66.9	0.0	0.0	0.0	94.646	0.0	0.0	0.0	45.501
1	5	0.0	0.0	73.866	7.672	0.0	0.0	64.697	2.203	0.0	0.0	88.955	5.691	0.0	0.0	41.63	3.872
1	6	81.538	0.0	0.0	0.0	66.9	0.0	0.0	0.0	94.646	0.0	0.0	0.0	45.501	0.0	0.0	0.0
1	7	6.295	43.845	14.721	16.676	3.274	40.404	8.053	15.169	10.09	46.964	12.347	25.245	2.43	24.299	8.011	10.762
1	8	20.485	9.945	43.863	7.245	15.095	11.889	34.427	5.489	22.354	13.645	51.953	6.695	8.259	7.371	26.24	3.631
1	9	1.31	1.408	0.0	78.82	0.0	0.845	0.0	66.055	1.812	1.335	0.0	91.499	0.0	0.0	0.0	45.501
1	10	5.567	75.97	0.0	0.0	6.335	60.565	0.0	0.0	8.399	86.247	0.0	0.0	1.499	44.002	0.0	0.0
1	11	80.76	0.0	0.0	0.777	65.348	0.0	0.0	1.552	92.517	0.0	0.0	2.129	45.501	0.0	0.0	0.0
1	12	0.913	23.116	10.346	47.163	0.785	20.748	9.503	35.865	1.436	20.998	9.929	62.283	0.751	10.68	3.156	30.914
2	3	54.756	9.567	23.597	0.787	38.116	3.147	8.142	0.751	64.557	14.556	36.843	1.482	14.053	5.384	12.848	0.0
2	4	0.0	0.0	0.0	88.707	0.0	0.0	0.0	50.156	0.0	0.0	0.0	117.438	0.0	0.0	0.0	32.285
2	5	0.0	0.0	80.966	7.741	0.0	0.0	44.377	5.78	0.0	0.0	111.521	5.917	0.0	0.0	32.285	0.0
2	6	88.707	0.0	0.0	0.0	50.156	0.0	0.0	0.0	117.438	0.0	0.0	0.0	32.285	0.0	0.0	0.0
2	7	9.229	45.716	11.271	22.491	3.145	29.574	7.891	9.547	4.595	61.402	21.482	29.958	5.12	18.821	2.488	5.856
2	8	22.244	18.175	39.769	8.519	9.389	8.593	28.238	3.936	25.179	15.217	69.128	7.914	9.382	0.865	19.347	2.691
2	9	2.49	0.712	0.0	85.505	0.632	0.557	0.0	48.967	0.0	2.319	0.0	115.119	0.0	0.0	0.0	32.285
2	10	8.168	80.539	0.0	0.0	5.389	44.767	0.0	0.0	6.656	110.782	0.0	0.0	1.588	30.697	0.0	0.0
2	11	87.081	0.0	0.0	1.626	49.398	0.0	0.0	0.758	115.363	0.0	0.0	2.075	32.285	0.0	0.0	0.0
2	12	0.751	18.225	10.642	59.089	1.507	18.399	4.24	26.011	1.627	32.404	15.061	68.345	0.0	6.514	2.99	22.781
3	4	0.0	0.0	0.0	171.482	0.0	0.0	0.0	32.653	0.0	0.0	0.0	81.43	0.0	0.0	0.0	3.021
3	5	0.0	0.0	155.286	16.196	0.0	0.0	31.815	0.838	0.0	0.0	79.027	2.403	0.0	0.0	3.021	0.0
3	6	171.482	0.0	0.0	0.0	32.653	0.0	0.0	0.0	81.43	0.0	0.0	0.0	3.021	0.0	0.0	0.0
3	7	16.076	93.418	27.467	34.521	0.0	20.713	4.179	7.761	6.014	38.361	11.485	25.57	0.0	3.021	0.0	0.0
3	8	46.143	26.21	86.632	12.497	4.309	5.597	19.456	3.291	14.883	11.043	48.232	7.272	0.858	0.0	2.163	0.0
3	9	2.521	2.18	0.0	166.78	0.0	0.0	0.0	32.653	0.601	1.408	0.0	79.422	0.0	0.0	0.0	3.021
3	10	12.288	159.194	0.0	0.0	2.091	30.563	0.0	0.0	7.422	74.008	0.0	0.0	0.0	3.021	0.0	0.0
3	11	169.3	0.0	0.0	2.182	31.948	0.0	0.0	0.705	79.858	0.0	0.0	1.572	3.021	0.0	0.0	0.0
3	12	2.449	46.312	22.108	100.613	0.714	6.82	2.163	22.957	0.722	22.411	8.039	50.259	0.0	0.0	0.624	2.396
4	5	0.0	0.0	0.0	0.0	0.0	0.0	0.0	0.0	0.0	0.0	0.0	0.0	0.0	0.0	269.148	19.437
4	6	0.0	0.0	0.0	0.0	0.0	0.0	0.0	0.0	0.0	0.0	0.0	0.0	288.586	0.0	0.0	0.0
4	7	0.0	0.0	0.0	0.0	0.0	0.0	0.0	0.0	0.0	0.0	0.0	0.0	22.09	155.512	43.132	67.852
4	8	0.0	0.0	0.0	0.0	0.0	0.0	0.0	0.0	0.0	0.0	0.0	0.0	66.193	42.85	156.483	23.06
4	9	0.0	0.0	0.0	0.0	0.0	0.0	0.0	0.0	0.0	0.0	0.0	0.0	3.122	3.588	0.0	281.876
4	10	0.0	0.0	0.0	0.0	0.0	0.0	0.0	0.0	0.0	0.0	0.0	0.0	21.801	266.785	0.0	0.0
4	11	0.0	0.0	0.0	0.0	0.0	0.0	0.0	0.0	0.0	0.0	0.0	0.0	284.127	0.0	0.0	4.459
4	12	0.0	0.0	0.0	0.0	0.0	0.0	0.0	0.0	0.0	0.0	0.0	0.0	3.885	75.542	32.933	176.225
5	6	0.0	0.0	0.0	0.0	0.0	0.0	0.0	0.0	269.148	0.0	0.0	0.0	19.437	0.0	0.0	0.0
5	7	0.0	0.0	0.0	0.0	0.0	0.0	0.0	0.0	22.09	138.461	43.132	65.465	0.0	17.051	0.0	2.387
5	8	0.0	0.0	0.0	0.0	0.0	0.0	0.0	0.0	60.957	38.762	147.031	22.398	5.236	4.088	9.452	0.662
5	9	0.0	0.0	0.0	0.0	0.0	0.0	0.0	0.0	3.122	3.588	0.0	262.438	0.0	0.0	0.0	19.437
5	10	0.0	0.0	0.0	0.0	0.0	0.0	0.0	0.0	19.838	249.31	0.0	0.0	1.962	17.475	0.0	0.0
5	11	0.0	0.0	0.0	0.0	0.0	0.0	0.0	0.0	264.69	0.0	0.0	4.459	19.437	0.0	0.0	0.0
5	12	0.0	0.0	0.0	0.0	0.0	0.0	0.0	0.0	3.885	69.032	31.411	164.82	0.0	6.51	1.523	11.405
6	7	22.09	155.512	43.132	67.852	0.0	0.0	0.0	0.0	0.0	0.0	0.0	0.0	0.0	0.0	0.0	0.0
6	8	66.193	42.85	156.483	23.06	0.0	0.0	0.0	0.0	0.0	0.0	0.0	0.0	0.0	0.0	0.0	0.0
6	9	3.122	3.588	0.0	281.876	0.0	0.0	0.0	0.0	0.0	0.0	0.0	0.0	0.0	0.0	0.0	0.0
6	10	21.801	266.785	0.0	0.0	0.0	0.0	0.0	0.0	0.0	0.0	0.0	0.0	0.0	0.0	0.0	0.0
6	11	284.127	0.0	0.0	4.459	0.0	0.0	0.0	0.0	0.0	0.0	0.0	0.0	0.0	0.0	0.0	0.0
6	12	3.885	75.542	32.933	176.225	0.0	0.0	0.0	0.0	0.0	0.0	0.0	0.0	0.0	0.0	0.0	0.0
7	8	8.696	4.573	8.821	0.0	47.939	26.241	72.752	8.579	8.14	3.803	26.564	4.625	1.418	8.232	48.346	9.856
7	9	0.0	0.0	0.0	22.09	1.168	3.588	0.0	150.756	0.0	0.0	0.0	43.132	1.954	0.0	0.0	65.898
7	10	1.433	20.657	0.0	0.0	10.55	144.962	0.0	0.0	4.843	38.289	0.0	0.0	4.975	62.877	0.0	0.0
7	11	22.09	0.0	0.0	0.0	151.053	0.0	0.0	4.459	43.132	0.0	0.0	0.0	67.852	0.0	0.0	0.0
7	12	0.0	6.479	3.067	12.544	3.134	43.717	18.631	90.031	0.0	10.896	5.99	26.246	0.751	14.451	5.246	47.404
8	9	0.579	0.696	0.0	64.918	0.589	0.557	0.0	41.703	1.954	2.335	0.0	152.194	0.0	0.0	0.0	23.06
8	10	2.707	63.486	0.0	0.0	0.0	42.85	0.0	0.0	19.094	137.389	0.0	0.0	0.0	23.06	0.0	0.0
8	11	65.345	0.0	0.0	0.848	42.85	0.0	0.0	0.0	153.449	0.0	0.0	3.034	22.484	0.0	0.0	0.576
8	12	0.0	24.133	7.215	34.845	0.0	10.034	4.199	28.617	3.885	35.191	20.679	96.727	0.0	6.184	0.841	16.035
9	10	0.0	3.122	0.0	0.0	0.0	3.588	0.0	0.0	0.0	0.0	0.0	0.0	21.801	260.075	0.0	0.0
9	11	3.122	0.0	0.0	0.0	3.588	0.0	0.0	0.0	0.0	0.0	0.0	0.0	277.417	0.0	0.0	4.459
9	12	0.0	0.579	0.0	2.543	0.0	0.778	0.0	2.81	0.0	0.0	0.0	0.0	3.885	74.186	32.933	170.872
10	11	21.801	0.0	0.0	0.0	262.326	0.0	0.0	4.459	0.0	0.0	0.0	0.0	0.0	0.0	0.0	0.0
10	12	0.0	2.581	1.991	17.228	3.885	72.961	30.943	158.997	0.0	0.0	0.0	0.0	0.0	0.0	0.0	0.0
11	12	3.885	75.542	32.933	171.766	0.0	0.0	0.0	0.0	0.0	0.0	0.0	0.0	0.0	0.0	0.0	4.459
