NA	CEBPB
PO1	PO2	AA	AC	AG	AT	CA	CC	CG	CT	GA	GC	GG	GT	TA	TC	TG	TT
1	2	30.158	14.803	30.413	6.262	22.454	12.715	19.017	12.816	25.753	15.443	43.59	9.767	10.951	8.151	23.671	3.515
1	3	51.874	8.076	20.201	1.484	37.338	7.971	20.932	0.761	57.601	11.607	25.344	0.0	25.178	5.5	14.816	0.793
1	4	0.0	0.0	0.0	81.635	0.0	0.0	0.0	67.002	0.0	0.0	0.0	94.552	0.0	0.0	0.0	46.289
1	5	0.0	0.0	73.779	7.857	0.0	0.0	64.663	2.339	0.0	0.0	88.116	6.436	0.0	0.0	41.728	4.561
1	6	81.635	0.0	0.0	0.0	67.002	0.0	0.0	0.0	94.552	0.0	0.0	0.0	46.289	0.0	0.0	0.0
1	7	6.307	43.871	14.743	16.715	3.291	40.412	8.071	15.229	10.12	46.854	12.355	25.224	2.456	24.993	8.049	10.791
1	8	20.44	9.989	43.936	7.271	15.112	11.922	34.466	5.502	22.301	13.629	52.447	6.175	8.31	7.39	26.372	4.217
1	9	1.313	1.294	0.0	79.029	0.0	0.816	0.0	66.186	1.785	1.237	0.0	91.53	0.0	0.0	0.0	46.289
1	10	5.697	75.939	0.0	0.0	6.502	60.5	0.0	0.0	8.506	86.046	0.0	0.0	1.544	44.745	0.0	0.0
1	11	80.938	0.0	0.0	0.697	65.592	0.0	0.0	1.41	93.168	0.0	0.0	1.384	46.289	0.0	0.0	0.0
1	12	0.913	23.204	10.392	47.126	0.792	20.751	9.525	35.934	1.424	20.956	10.528	61.644	0.756	10.707	3.218	31.608
2	3	54.88	10.19	23.452	0.793	38.948	3.151	8.251	0.761	64.078	14.435	36.693	1.484	14.085	5.378	12.898	0.0
2	4	0.0	0.0	0.0	89.316	0.0	0.0	0.0	51.111	0.0	0.0	0.0	116.691	0.0	0.0	0.0	32.361
2	5	0.0	0.0	80.853	8.462	0.0	0.0	44.439	6.672	0.0	0.0	110.633	6.058	0.0	0.0	32.361	0.0
2	6	89.316	0.0	0.0	0.0	51.111	0.0	0.0	0.0	116.691	0.0	0.0	0.0	32.361	0.0	0.0	0.0
2	7	9.236	46.264	11.299	22.516	3.183	30.404	7.938	9.587	4.614	60.639	21.494	29.944	5.14	18.823	2.487	5.911
2	8	22.192	18.203	40.39	8.531	9.402	8.635	28.489	4.585	25.17	15.222	68.954	7.345	9.399	0.87	19.387	2.705
2	9	2.465	0.661	0.0	86.19	0.633	0.508	0.0	49.97	0.0	2.179	0.0	114.512	0.0	0.0	0.0	32.361
2	10	8.311	81.005	0.0	0.0	5.569	45.542	0.0	0.0	6.749	109.942	0.0	0.0	1.62	30.741	0.0	0.0
2	11	87.831	0.0	0.0	1.485	50.416	0.0	0.0	0.695	115.379	0.0	0.0	1.312	32.361	0.0	0.0	0.0
2	12	0.756	18.249	11.233	59.077	1.511	18.525	4.27	26.805	1.618	32.345	15.153	67.574	0.0	6.499	3.007	22.855
3	4	0.0	0.0	0.0	171.991	0.0	0.0	0.0	33.155	0.0	0.0	0.0	81.293	0.0	0.0	0.0	3.039
3	5	0.0	0.0	154.704	17.287	0.0	0.0	31.743	1.412	0.0	0.0	78.8	2.493	0.0	0.0	3.039	0.0
3	6	171.991	0.0	0.0	0.0	33.155	0.0	0.0	0.0	81.293	0.0	0.0	0.0	3.039	0.0	0.0	0.0
3	7	16.15	93.708	27.541	34.592	0.0	21.183	4.177	7.794	6.023	38.199	11.499	25.572	0.0	3.039	0.0	0.0
3	8	46.18	26.317	86.912	12.582	4.299	5.589	19.971	3.295	14.829	11.022	48.153	7.288	0.854	0.0	2.185	0.0
3	9	2.508	2.053	0.0	167.43	0.0	0.0	0.0	33.155	0.59	1.294	0.0	79.41	0.0	0.0	0.0	3.039
3	10	12.616	159.375	0.0	0.0	2.15	31.005	0.0	0.0	7.482	73.811	0.0	0.0	0.0	3.039	0.0	0.0
3	11	170.509	0.0	0.0	1.482	32.558	0.0	0.0	0.597	79.881	0.0	0.0	1.412	3.039	0.0	0.0	0.0
3	12	2.461	46.396	22.224	100.911	0.705	6.805	2.738	22.906	0.719	22.417	8.072	50.086	0.0	0.0	0.63	2.409
4	5	0.0	0.0	0.0	0.0	0.0	0.0	0.0	0.0	0.0	0.0	0.0	0.0	0.0	0.0	268.286	21.192
4	6	0.0	0.0	0.0	0.0	0.0	0.0	0.0	0.0	0.0	0.0	0.0	0.0	289.478	0.0	0.0	0.0
4	7	0.0	0.0	0.0	0.0	0.0	0.0	0.0	0.0	0.0	0.0	0.0	0.0	22.173	156.129	43.217	67.959
4	8	0.0	0.0	0.0	0.0	0.0	0.0	0.0	0.0	0.0	0.0	0.0	0.0	66.163	42.929	157.221	23.166
4	9	0.0	0.0	0.0	0.0	0.0	0.0	0.0	0.0	0.0	0.0	0.0	0.0	3.098	3.347	0.0	283.033
4	10	0.0	0.0	0.0	0.0	0.0	0.0	0.0	0.0	0.0	0.0	0.0	0.0	22.248	267.23	0.0	0.0
4	11	0.0	0.0	0.0	0.0	0.0	0.0	0.0	0.0	0.0	0.0	0.0	0.0	285.987	0.0	0.0	3.491
4	12	0.0	0.0	0.0	0.0	0.0	0.0	0.0	0.0	0.0	0.0	0.0	0.0	3.885	75.618	33.663	176.312
5	6	0.0	0.0	0.0	0.0	0.0	0.0	0.0	0.0	268.286	0.0	0.0	0.0	21.192	0.0	0.0	0.0
5	7	0.0	0.0	0.0	0.0	0.0	0.0	0.0	0.0	22.173	137.357	43.217	65.538	0.0	18.772	0.0	2.42
5	8	0.0	0.0	0.0	0.0	0.0	0.0	0.0	0.0	60.839	38.705	146.867	21.876	5.325	4.224	10.354	1.29
5	9	0.0	0.0	0.0	0.0	0.0	0.0	0.0	0.0	3.098	3.347	0.0	261.841	0.0	0.0	0.0	21.192
5	10	0.0	0.0	0.0	0.0	0.0	0.0	0.0	0.0	20.104	248.181	0.0	0.0	2.144	19.049	0.0	0.0
5	11	0.0	0.0	0.0	0.0	0.0	0.0	0.0	0.0	264.795	0.0	0.0	3.491	21.192	0.0	0.0	0.0
5	12	0.0	0.0	0.0	0.0	0.0	0.0	0.0	0.0	3.885	68.958	31.535	163.908	0.0	6.66	2.128	12.404
6	7	22.173	156.129	43.217	67.959	0.0	0.0	0.0	0.0	0.0	0.0	0.0	0.0	0.0	0.0	0.0	0.0
6	8	66.163	42.929	157.221	23.166	0.0	0.0	0.0	0.0	0.0	0.0	0.0	0.0	0.0	0.0	0.0	0.0
6	9	3.098	3.347	0.0	283.033	0.0	0.0	0.0	0.0	0.0	0.0	0.0	0.0	0.0	0.0	0.0	0.0
6	10	22.248	267.23	0.0	0.0	0.0	0.0	0.0	0.0	0.0	0.0	0.0	0.0	0.0	0.0	0.0	0.0
6	11	285.987	0.0	0.0	3.491	0.0	0.0	0.0	0.0	0.0	0.0	0.0	0.0	0.0	0.0	0.0	0.0
6	12	3.885	75.618	33.663	176.312	0.0	0.0	0.0	0.0	0.0	0.0	0.0	0.0	0.0	0.0	0.0	0.0
7	8	8.716	4.584	8.873	0.0	47.857	26.338	73.26	8.673	8.149	3.809	26.627	4.633	1.44	8.198	48.461	9.859
7	9	0.0	0.0	0.0	22.173	1.153	3.347	0.0	151.63	0.0	0.0	0.0	43.217	1.945	0.0	0.0	66.013
7	10	1.479	20.694	0.0	0.0	10.803	145.327	0.0	0.0	4.912	38.306	0.0	0.0	5.055	62.904	0.0	0.0
7	11	22.173	0.0	0.0	0.0	152.638	0.0	0.0	3.491	43.217	0.0	0.0	0.0	67.959	0.0	0.0	0.0
7	12	0.0	6.478	3.095	12.601	3.129	43.798	19.301	89.901	0.0	10.881	6.019	26.317	0.756	14.462	5.248	47.493
8	9	0.562	0.633	0.0	64.968	0.59	0.508	0.0	41.831	1.945	2.206	0.0	153.069	0.0	0.0	0.0	23.166
8	10	2.702	63.461	0.0	0.0	0.0	42.929	0.0	0.0	19.547	137.674	0.0	0.0	0.0	23.166	0.0	0.0
8	11	65.376	0.0	0.0	0.787	42.929	0.0	0.0	0.0	154.517	0.0	0.0	2.704	23.166	0.0	0.0	0.0
8	12	0.0	24.111	7.306	34.746	0.0	10.074	4.212	28.643	3.885	35.231	21.304	96.8	0.0	6.203	0.841	16.122
9	10	0.0	3.098	0.0	0.0	0.0	3.347	0.0	0.0	0.0	0.0	0.0	0.0	22.248	260.785	0.0	0.0
9	11	3.098	0.0	0.0	0.0	3.347	0.0	0.0	0.0	0.0	0.0	0.0	0.0	279.542	0.0	0.0	3.491
9	12	0.0	0.562	0.0	2.536	0.0	0.729	0.0	2.618	0.0	0.0	0.0	0.0	3.885	74.327	33.663	171.158
10	11	22.248	0.0	0.0	0.0	263.739	0.0	0.0	3.491	0.0	0.0	0.0	0.0	0.0	0.0	0.0	0.0
10	12	0.0	2.612	2.043	17.594	3.885	73.007	31.62	158.718	0.0	0.0	0.0	0.0	0.0	0.0	0.0	0.0
11	12	3.885	75.618	33.663	172.82	0.0	0.0	0.0	0.0	0.0	0.0	0.0	0.0	0.0	0.0	0.0	3.491
