NA	CEBPB
PO1	PO2	AA	AC	AG	AT	CA	CC	CG	CT	GA	GC	GG	GT	TA	TC	TG	TT
1	2	30.153	14.846	30.418	6.252	22.468	12.736	18.961	12.831	25.745	15.487	43.557	9.765	10.962	8.763	23.709	3.521
1	3	51.945	8.084	20.161	1.48	37.354	7.974	20.906	0.761	57.618	11.59	25.346	0.0	25.81	5.507	14.843	0.794
1	4	0.0	0.0	0.0	81.67	0.0	0.0	0.0	66.996	0.0	0.0	0.0	94.554	0.0	0.0	0.0	46.955
1	5	0.0	0.0	73.727	7.942	0.0	0.0	64.596	2.4	0.0	0.0	88.018	6.537	0.0	0.0	41.773	5.182
1	6	81.67	0.0	0.0	0.0	66.996	0.0	0.0	0.0	94.554	0.0	0.0	0.0	46.955	0.0	0.0	0.0
1	7	6.309	43.883	14.754	16.724	3.294	40.372	8.078	15.252	10.128	46.844	12.363	25.22	2.468	25.604	8.073	10.809
1	8	20.44	10.006	43.964	7.26	15.118	11.938	34.442	5.497	22.27	13.643	52.454	6.188	8.333	7.404	26.983	4.235
1	9	1.308	1.278	0.0	79.083	0.0	0.811	0.0	66.185	1.775	1.224	0.0	91.555	0.0	0.0	0.0	46.955
1	10	5.75	75.919	0.0	0.0	6.569	60.426	0.0	0.0	8.553	86.001	0.0	0.0	2.106	44.848	0.0	0.0
1	11	81.019	0.0	0.0	0.651	65.681	0.0	0.0	1.315	93.266	0.0	0.0	1.288	46.955	0.0	0.0	0.0
1	12	0.912	23.258	10.402	47.098	0.793	20.752	9.53	35.921	1.421	20.969	10.567	61.598	0.758	10.727	3.244	32.226
2	3	54.89	10.24	23.404	0.794	39.602	3.161	8.309	0.761	64.145	14.378	36.641	1.48	14.09	5.376	12.903	0.0
2	4	0.0	0.0	0.0	89.328	0.0	0.0	0.0	51.832	0.0	0.0	0.0	116.645	0.0	0.0	0.0	32.369
2	5	0.0	0.0	80.774	8.555	0.0	0.0	44.453	7.379	0.0	0.0	110.519	6.126	0.0	0.0	32.369	0.0
2	6	89.328	0.0	0.0	0.0	51.832	0.0	0.0	0.0	116.645	0.0	0.0	0.0	32.369	0.0	0.0	0.0
2	7	9.236	46.258	11.309	22.525	3.197	31.065	7.967	9.604	4.623	60.572	21.504	29.946	5.144	18.808	2.488	5.93
2	8	22.155	18.218	40.429	8.526	9.407	8.671	29.133	4.622	25.196	15.231	68.879	7.338	9.403	0.87	19.402	2.693
2	9	2.451	0.654	0.0	86.223	0.632	0.502	0.0	50.698	0.0	2.157	0.0	114.488	0.0	0.0	0.0	32.369
2	10	8.367	80.962	0.0	0.0	6.191	45.642	0.0	0.0	6.791	109.854	0.0	0.0	1.63	30.738	0.0	0.0
2	11	87.934	0.0	0.0	1.395	51.185	0.0	0.0	0.647	115.432	0.0	0.0	1.212	32.369	0.0	0.0	0.0
2	12	0.758	18.259	11.266	59.045	1.512	18.596	4.278	27.446	1.614	32.352	15.188	67.491	0.0	6.498	3.01	22.861
3	4	0.0	0.0	0.0	172.727	0.0	0.0	0.0	33.155	0.0	0.0	0.0	81.257	0.0	0.0	0.0	3.036
3	5	0.0	0.0	154.649	18.078	0.0	0.0	31.712	1.443	0.0	0.0	78.718	2.539	0.0	0.0	3.036	0.0
3	6	172.727	0.0	0.0	0.0	33.155	0.0	0.0	0.0	81.257	0.0	0.0	0.0	3.036	0.0	0.0	0.0
3	7	16.172	94.375	27.568	34.613	0.0	21.163	4.184	7.808	6.028	38.129	11.516	25.584	0.0	3.036	0.0	0.0
3	8	46.185	26.378	87.553	12.611	4.297	5.589	19.973	3.297	14.827	11.024	48.134	7.271	0.852	0.0	2.184	0.0
3	9	2.498	2.035	0.0	168.194	0.0	0.0	0.0	33.155	0.585	1.278	0.0	79.393	0.0	0.0	0.0	3.036
3	10	13.294	159.433	0.0	0.0	2.17	30.985	0.0	0.0	7.515	73.741	0.0	0.0	0.0	3.036	0.0	0.0
3	11	171.336	0.0	0.0	1.391	32.611	0.0	0.0	0.544	79.938	0.0	0.0	1.319	3.036	0.0	0.0	0.0
3	12	2.463	46.448	22.261	101.555	0.702	6.812	2.767	22.874	0.719	22.445	8.087	50.006	0.0	0.0	0.628	2.408
4	5	0.0	0.0	0.0	0.0	0.0	0.0	0.0	0.0	0.0	0.0	0.0	0.0	0.0	0.0	268.114	22.06
4	6	0.0	0.0	0.0	0.0	0.0	0.0	0.0	0.0	0.0	0.0	0.0	0.0	290.174	0.0	0.0	0.0
4	7	0.0	0.0	0.0	0.0	0.0	0.0	0.0	0.0	0.0	0.0	0.0	0.0	22.199	156.703	43.268	68.005
4	8	0.0	0.0	0.0	0.0	0.0	0.0	0.0	0.0	0.0	0.0	0.0	0.0	66.162	42.991	157.843	23.179
4	9	0.0	0.0	0.0	0.0	0.0	0.0	0.0	0.0	0.0	0.0	0.0	0.0	3.083	3.314	0.0	283.778
4	10	0.0	0.0	0.0	0.0	0.0	0.0	0.0	0.0	0.0	0.0	0.0	0.0	22.979	267.195	0.0	0.0
4	11	0.0	0.0	0.0	0.0	0.0	0.0	0.0	0.0	0.0	0.0	0.0	0.0	286.92	0.0	0.0	3.254
4	12	0.0	0.0	0.0	0.0	0.0	0.0	0.0	0.0	0.0	0.0	0.0	0.0	3.884	75.705	33.742	176.843
5	6	0.0	0.0	0.0	0.0	0.0	0.0	0.0	0.0	268.114	0.0	0.0	0.0	22.06	0.0	0.0	0.0
5	7	0.0	0.0	0.0	0.0	0.0	0.0	0.0	0.0	22.199	137.074	43.268	65.573	0.0	19.629	0.0	2.432
5	8	0.0	0.0	0.0	0.0	0.0	0.0	0.0	0.0	60.792	38.701	146.767	21.854	5.37	4.29	11.076	1.325
5	9	0.0	0.0	0.0	0.0	0.0	0.0	0.0	0.0	3.083	3.314	0.0	261.717	0.0	0.0	0.0	22.06
5	10	0.0	0.0	0.0	0.0	0.0	0.0	0.0	0.0	20.212	247.902	0.0	0.0	2.767	19.294	0.0	0.0
5	11	0.0	0.0	0.0	0.0	0.0	0.0	0.0	0.0	264.86	0.0	0.0	3.254	22.06	0.0	0.0	0.0
5	12	0.0	0.0	0.0	0.0	0.0	0.0	0.0	0.0	3.884	68.967	31.565	163.699	0.0	6.739	2.177	13.144
6	7	22.199	156.703	43.268	68.005	0.0	0.0	0.0	0.0	0.0	0.0	0.0	0.0	0.0	0.0	0.0	0.0
6	8	66.162	42.991	157.843	23.179	0.0	0.0	0.0	0.0	0.0	0.0	0.0	0.0	0.0	0.0	0.0	0.0
6	9	3.083	3.314	0.0	283.778	0.0	0.0	0.0	0.0	0.0	0.0	0.0	0.0	0.0	0.0	0.0	0.0
6	10	22.979	267.195	0.0	0.0	0.0	0.0	0.0	0.0	0.0	0.0	0.0	0.0	0.0	0.0	0.0	0.0
6	11	286.92	0.0	0.0	3.254	0.0	0.0	0.0	0.0	0.0	0.0	0.0	0.0	0.0	0.0	0.0	0.0
6	12	3.884	75.705	33.742	176.843	0.0	0.0	0.0	0.0	0.0	0.0	0.0	0.0	0.0	0.0	0.0	0.0
7	8	8.722	4.583	8.894	0.0	47.838	26.398	73.782	8.684	8.153	3.81	26.671	4.633	1.448	8.2	48.495	9.862
7	9	0.0	0.0	0.0	22.199	1.145	3.314	0.0	152.244	0.0	0.0	0.0	43.268	1.938	0.0	0.0	66.066
7	10	1.498	20.701	0.0	0.0	11.454	145.249	0.0	0.0	4.946	38.322	0.0	0.0	5.082	62.923	0.0	0.0
7	11	22.199	0.0	0.0	0.0	153.449	0.0	0.0	3.254	43.268	0.0	0.0	0.0	68.005	0.0	0.0	0.0
7	12	0.0	6.48	3.099	12.621	3.126	43.858	19.362	90.357	0.0	10.891	6.031	26.345	0.758	14.476	5.25	47.521
8	9	0.558	0.624	0.0	64.98	0.588	0.502	0.0	41.901	1.938	2.188	0.0	153.717	0.0	0.0	0.0	23.179
8	10	2.702	63.46	0.0	0.0	0.0	42.991	0.0	0.0	20.277	137.566	0.0	0.0	0.0	23.179	0.0	0.0
8	11	65.418	0.0	0.0	0.744	42.991	0.0	0.0	0.0	155.333	0.0	0.0	2.51	23.179	0.0	0.0	0.0
8	12	0.0	24.117	7.34	34.705	0.0	10.107	4.216	28.667	3.884	35.282	21.346	97.331	0.0	6.198	0.84	16.14
9	10	0.0	3.083	0.0	0.0	0.0	3.314	0.0	0.0	0.0	0.0	0.0	0.0	22.979	260.798	0.0	0.0
9	11	3.083	0.0	0.0	0.0	3.314	0.0	0.0	0.0	0.0	0.0	0.0	0.0	280.523	0.0	0.0	3.254
9	12	0.0	0.558	0.0	2.526	0.0	0.722	0.0	2.591	0.0	0.0	0.0	0.0	3.884	74.425	33.742	171.726
10	11	22.979	0.0	0.0	0.0	263.941	0.0	0.0	3.254	0.0	0.0	0.0	0.0	0.0	0.0	0.0	0.0
10	12	0.0	2.624	2.063	18.293	3.884	73.081	31.679	158.551	0.0	0.0	0.0	0.0	0.0	0.0	0.0	0.0
11	12	3.884	75.705	33.742	173.589	0.0	0.0	0.0	0.0	0.0	0.0	0.0	0.0	0.0	0.0	0.0	3.254
