NA	CEBPB
PO1	PO2	AA	AC	AG	AT	CA	CC	CG	CT	GA	GC	GG	GT	TA	TC	TG	TT
1	2	30.144	14.822	30.416	6.256	22.462	12.705	18.978	12.825	25.739	15.45	43.555	9.767	10.958	8.677	23.683	3.519
1	3	51.906	8.082	20.165	1.484	37.32	7.975	20.915	0.762	57.58	11.587	25.342	0.0	25.71	5.504	14.828	0.794
1	4	0.0	0.0	0.0	81.637	0.0	0.0	0.0	66.971	0.0	0.0	0.0	94.51	0.0	0.0	0.0	46.837
1	5	0.0	0.0	73.743	7.894	0.0	0.0	64.611	2.36	0.0	0.0	88.035	6.474	0.0	0.0	41.741	5.096
1	6	81.637	0.0	0.0	0.0	66.971	0.0	0.0	0.0	94.51	0.0	0.0	0.0	46.837	0.0	0.0	0.0
1	7	6.311	43.858	14.748	16.72	3.295	40.364	8.076	15.236	10.121	46.811	12.355	25.222	2.458	25.522	8.058	10.799
1	8	20.443	9.998	43.932	7.263	15.121	11.932	34.418	5.499	22.277	13.633	52.424	6.175	8.321	7.396	26.908	4.212
1	9	1.312	1.286	0.0	79.039	0.0	0.813	0.0	66.158	1.782	1.228	0.0	91.499	0.0	0.0	0.0	46.837
1	10	5.709	75.928	0.0	0.0	6.518	60.453	0.0	0.0	8.512	85.998	0.0	0.0	2.057	44.781	0.0	0.0
1	11	80.973	0.0	0.0	0.664	65.631	0.0	0.0	1.34	93.195	0.0	0.0	1.314	46.837	0.0	0.0	0.0
1	12	0.913	23.232	10.398	47.094	0.793	20.754	9.535	35.889	1.424	20.961	10.547	61.578	0.758	10.713	3.231	32.135
2	3	54.872	10.211	23.425	0.794	39.457	3.158	8.276	0.762	64.098	14.398	36.652	1.484	14.088	5.381	12.898	0.0
2	4	0.0	0.0	0.0	89.302	0.0	0.0	0.0	51.654	0.0	0.0	0.0	116.632	0.0	0.0	0.0	32.367
2	5	0.0	0.0	80.797	8.505	0.0	0.0	44.421	7.233	0.0	0.0	110.545	6.087	0.0	0.0	32.367	0.0
2	6	89.302	0.0	0.0	0.0	51.654	0.0	0.0	0.0	116.632	0.0	0.0	0.0	32.367	0.0	0.0	0.0
2	7	9.239	46.237	11.303	22.524	3.188	30.925	7.948	9.593	4.615	60.577	21.496	29.945	5.144	18.816	2.491	5.916
2	8	22.168	18.215	40.391	8.528	9.406	8.649	29.014	4.585	25.183	15.226	68.883	7.34	9.405	0.87	19.396	2.696
2	9	2.461	0.658	0.0	86.184	0.633	0.503	0.0	50.518	0.0	2.166	0.0	114.466	0.0	0.0	0.0	32.367
2	10	8.324	80.978	0.0	0.0	6.096	45.558	0.0	0.0	6.755	109.877	0.0	0.0	1.621	30.746	0.0	0.0
2	11	87.882	0.0	0.0	1.42	50.995	0.0	0.0	0.658	115.392	0.0	0.0	1.24	32.367	0.0	0.0	0.0
2	12	0.758	18.256	11.251	59.037	1.512	18.554	4.277	27.311	1.617	32.348	15.17	67.497	0.0	6.502	3.014	22.851
3	4	0.0	0.0	0.0	172.516	0.0	0.0	0.0	33.148	0.0	0.0	0.0	81.25	0.0	0.0	0.0	3.04
3	5	0.0	0.0	154.634	17.882	0.0	0.0	31.72	1.428	0.0	0.0	78.736	2.514	0.0	0.0	3.04	0.0
3	6	172.516	0.0	0.0	0.0	33.148	0.0	0.0	0.0	81.25	0.0	0.0	0.0	3.04	0.0	0.0	0.0
3	7	16.156	94.212	27.549	34.599	0.0	21.165	4.183	7.8	6.029	38.137	11.506	25.578	0.0	3.04	0.0	0.0
3	8	46.174	26.343	87.422	12.577	4.302	5.59	19.959	3.297	14.832	11.027	48.116	7.275	0.854	0.0	2.187	0.0
3	9	2.505	2.041	0.0	167.97	0.0	0.0	0.0	33.148	0.589	1.286	0.0	79.376	0.0	0.0	0.0	3.04
3	10	13.156	159.36	0.0	0.0	2.153	30.995	0.0	0.0	7.487	73.763	0.0	0.0	0.0	3.04	0.0	0.0
3	11	171.102	0.0	0.0	1.414	32.59	0.0	0.0	0.559	79.905	0.0	0.0	1.346	3.04	0.0	0.0	0.0
3	12	2.464	46.413	22.244	101.395	0.704	6.814	2.753	22.878	0.719	22.433	8.084	50.015	0.0	0.0	0.631	2.41
4	5	0.0	0.0	0.0	0.0	0.0	0.0	0.0	0.0	0.0	0.0	0.0	0.0	0.0	0.0	268.13	21.824
4	6	0.0	0.0	0.0	0.0	0.0	0.0	0.0	0.0	0.0	0.0	0.0	0.0	289.955	0.0	0.0	0.0
4	7	0.0	0.0	0.0	0.0	0.0	0.0	0.0	0.0	0.0	0.0	0.0	0.0	22.185	156.555	43.237	67.977
4	8	0.0	0.0	0.0	0.0	0.0	0.0	0.0	0.0	0.0	0.0	0.0	0.0	66.163	42.96	157.683	23.149
4	9	0.0	0.0	0.0	0.0	0.0	0.0	0.0	0.0	0.0	0.0	0.0	0.0	3.094	3.327	0.0	283.534
4	10	0.0	0.0	0.0	0.0	0.0	0.0	0.0	0.0	0.0	0.0	0.0	0.0	22.796	267.159	0.0	0.0
4	11	0.0	0.0	0.0	0.0	0.0	0.0	0.0	0.0	0.0	0.0	0.0	0.0	286.636	0.0	0.0	3.319
4	12	0.0	0.0	0.0	0.0	0.0	0.0	0.0	0.0	0.0	0.0	0.0	0.0	3.887	75.66	33.711	176.697
5	6	0.0	0.0	0.0	0.0	0.0	0.0	0.0	0.0	268.13	0.0	0.0	0.0	21.824	0.0	0.0	0.0
5	7	0.0	0.0	0.0	0.0	0.0	0.0	0.0	0.0	22.185	137.154	43.237	65.553	0.0	19.4	0.0	2.424
5	8	0.0	0.0	0.0	0.0	0.0	0.0	0.0	0.0	60.816	38.707	146.749	21.858	5.346	4.253	10.934	1.291
5	9	0.0	0.0	0.0	0.0	0.0	0.0	0.0	0.0	3.094	3.327	0.0	261.71	0.0	0.0	0.0	21.824
5	10	0.0	0.0	0.0	0.0	0.0	0.0	0.0	0.0	20.118	248.013	0.0	0.0	2.678	19.147	0.0	0.0
5	11	0.0	0.0	0.0	0.0	0.0	0.0	0.0	0.0	264.812	0.0	0.0	3.319	21.824	0.0	0.0	0.0
5	12	0.0	0.0	0.0	0.0	0.0	0.0	0.0	0.0	3.887	68.965	31.558	163.721	0.0	6.695	2.153	12.976
6	7	22.185	156.555	43.237	67.977	0.0	0.0	0.0	0.0	0.0	0.0	0.0	0.0	0.0	0.0	0.0	0.0
6	8	66.163	42.96	157.683	23.149	0.0	0.0	0.0	0.0	0.0	0.0	0.0	0.0	0.0	0.0	0.0	0.0
6	9	3.094	3.327	0.0	283.534	0.0	0.0	0.0	0.0	0.0	0.0	0.0	0.0	0.0	0.0	0.0	0.0
6	10	22.796	267.159	0.0	0.0	0.0	0.0	0.0	0.0	0.0	0.0	0.0	0.0	0.0	0.0	0.0	0.0
6	11	286.636	0.0	0.0	3.319	0.0	0.0	0.0	0.0	0.0	0.0	0.0	0.0	0.0	0.0	0.0	0.0
6	12	3.887	75.66	33.711	176.697	0.0	0.0	0.0	0.0	0.0	0.0	0.0	0.0	0.0	0.0	0.0	0.0
7	8	8.724	4.584	8.877	0.0	47.845	26.366	73.692	8.652	8.153	3.809	26.642	4.634	1.441	8.201	48.472	9.864
7	9	0.0	0.0	0.0	22.185	1.15	3.327	0.0	152.078	0.0	0.0	0.0	43.237	1.944	0.0	0.0	66.034
7	10	1.48	20.705	0.0	0.0	11.341	145.214	0.0	0.0	4.916	38.321	0.0	0.0	5.058	62.919	0.0	0.0
7	11	22.185	0.0	0.0	0.0	153.236	0.0	0.0	3.319	43.237	0.0	0.0	0.0	67.977	0.0	0.0	0.0
7	12	0.0	6.48	3.1	12.605	3.13	43.821	19.333	90.271	0.0	10.89	6.025	26.322	0.758	14.468	5.253	47.499
8	9	0.561	0.628	0.0	64.974	0.589	0.503	0.0	41.867	1.944	2.195	0.0	153.544	0.0	0.0	0.0	23.149
8	10	2.704	63.459	0.0	0.0	0.0	42.96	0.0	0.0	20.092	137.591	0.0	0.0	0.0	23.149	0.0	0.0
8	11	65.407	0.0	0.0	0.756	42.96	0.0	0.0	0.0	155.12	0.0	0.0	2.563	23.149	0.0	0.0	0.0
8	12	0.0	24.118	7.327	34.717	0.0	10.09	4.217	28.653	3.887	35.254	21.325	97.217	0.0	6.198	0.841	16.11
9	10	0.0	3.094	0.0	0.0	0.0	3.327	0.0	0.0	0.0	0.0	0.0	0.0	22.796	260.739	0.0	0.0
9	11	3.094	0.0	0.0	0.0	3.327	0.0	0.0	0.0	0.0	0.0	0.0	0.0	280.216	0.0	0.0	3.319
9	12	0.0	0.561	0.0	2.533	0.0	0.725	0.0	2.602	0.0	0.0	0.0	0.0	3.887	74.374	33.711	171.562
10	11	22.796	0.0	0.0	0.0	263.841	0.0	0.0	3.319	0.0	0.0	0.0	0.0	0.0	0.0	0.0	0.0
10	12	0.0	2.613	2.046	18.137	3.887	73.047	31.665	158.56	0.0	0.0	0.0	0.0	0.0	0.0	0.0	0.0
11	12	3.887	75.66	33.711	173.378	0.0	0.0	0.0	0.0	0.0	0.0	0.0	0.0	0.0	0.0	0.0	3.319
